132	132	3648
1	1	1996.026855
1	2	567.515625
1	3	775.419067
1	6	-801.654053
1	7	-1386.471924
1	13	-1.233873
1	18	-592.258911
1	19	-490.409943
1	20	-489.973724
1	24	-209.395142
1	25	-58.955559
1	26	-38.770954
1	27	-387.709534
1	28	0.000000
1	29	6055.381348
1	30	-605.538147
2	1	567.515625
2	2	1996.026855
2	3	775.419067
2	6	801.654053
2	8	-1.233873
2	12	592.258911
2	14	-1386.471924
2	19	-489.973724
2	20	-490.409943
2	24	209.395142
2	25	-38.770954
2	26	-58.955559
2	27	-387.709534
2	28	-6055.381348
2	29	-0.000000
2	30	605.538147
3	2	775.419067
3	1	775.419067
3	3	7797.463867
3	4	801.654053
3	5	-801.654053
3	9	-1.233873
3	11	-592.258911
3	15	-1.233873
3	16	592.258911
3	21	-0.436240
3	22	209.395142
3	23	-209.395142
3	25	-387.709534
3	26	-387.709534
3	27	-3897.280029
3	28	605.538147
3	29	-605.538147
4	3	801.654053
4	4	5518107.500000
4	5	-145964.765625
4	6	-387544.406250
4	10	-75809.140625
4	15	-592.258911
4	16	189522.859375
4	21	-209.395142
4	22	40203.867188
4	23	-93809.023438
4	25	0.000000
4	26	6055.381348
4	27	-605.538147
4	28	1218342.750000
4	29	-16955.068359
4	30	-169550.687500
5	4	-145964.765625
5	3	-801.654053
5	5	5518107.500000
5	6	-387544.406250
5	9	592.258911
5	11	189522.859375
5	17	-75809.140625
5	21	209.395142
5	22	-93809.023438
5	23	40203.867188
5	25	-6055.381348
5	26	-0.000000
5	27	605.538147
5	28	-16955.068359
5	29	1218342.750000
5	30	-169550.687500
6	4	-387544.406250
6	2	801.654053
6	1	-801.654053
6	5	-387544.406250
6	6	2091864.375000
6	8	-592.258911
6	12	189522.859375
6	13	592.258911
6	18	189522.859375
6	19	209.395142
6	20	-209.395142
6	24	134012.890625
6	25	605.538147
6	26	-605.538147
6	28	-169550.687500
6	29	-169550.687500
6	30	-460209.000000
7	1	-1386.471924
7	7	3068.635498
7	8	-709.445007
7	9	-1532.375854
7	11	1022.162476
7	12	-1619.384033
7	13	-490.409943
7	14	489.973724
7	18	-209.395142
7	19	-1.233873
7	24	-592.258911
7	25	-1066.174072
7	26	70.964699
7	27	709.646973
7	29	511.081238
7	30	-51.108124
7	31	-58.955559
7	32	38.770954
7	33	387.709534
7	34	-0.000000
7	35	6055.381348
7	36	-605.538147
7	43	-6.434584
7	44	70.964699
7	45	47.309799
7	47	511.081238
7	48	-766.621826
8	6	-592.258911
8	7	-709.445007
8	2	-1.233873
8	8	3068.635498
8	9	1532.375854
8	10	-1022.162476
8	12	-1619.384033
8	13	489.973724
8	14	-490.409943
8	18	-209.395142
8	20	-1386.471924
8	25	70.964699
8	26	-6.434584
8	27	-47.309799
8	28	-511.081238
8	30	-766.621826
8	31	38.770954
8	32	-58.955559
8	33	-387.709534
8	34	-6055.381348
8	35	0.000000
8	36	-605.538147
8	43	70.964699
8	44	-1066.174072
8	45	-709.646973
8	46	-511.081238
8	48	-51.108124
9	3	-1.233873
9	7	-1532.375854
9	5	592.258911
9	8	1532.375854
9	9	8747.067383
9	10	1619.384033
9	11	1619.384033
9	15	-0.436240
9	16	209.395142
9	17	209.395142
9	21	-1.233873
9	22	592.258911
9	25	709.646973
9	26	-47.309799
9	27	-474.801575
9	28	51.108124
9	29	766.621826
9	30	0.000000
9	31	387.709534
9	32	-387.709534
9	33	-3897.280029
9	34	605.538147
9	35	605.538147
9	43	47.309799
9	44	-709.646973
9	45	-474.801575
9	46	766.621826
9	47	51.108124
9	48	-0.000000
10	8	-1022.162476
10	9	1619.384033
10	4	-75809.140625
10	10	6481393.000000
10	11	195028.562500
10	12	649218.000000
10	15	-209.395142
10	16	40203.867188
10	17	93809.023438
10	21	-592.258911
10	22	189522.859375
10	26	511.081238
10	27	-51.108124
10	28	11243.787109
10	29	21465.412109
10	30	214654.109375
10	31	-0.000000
10	32	6055.381348
10	33	-605.538147
10	34	1218342.750000
10	35	16955.068359
10	36	169550.687500
10	44	511.081238
10	45	-766.621826
10	46	331793.937500
10	47	21465.412109
10	48	14310.274414
11	3	-592.258911
11	5	189522.859375
11	9	1619.384033
11	7	1022.162476
11	10	195028.562500
11	11	6481393.000000
11	12	-649218.000000
11	15	-209.395142
11	16	93809.023438
11	17	40203.867188
11	23	-75809.140625
11	25	-511.081238
11	27	-766.621826
11	28	21465.412109
11	29	331793.937500
11	30	-14310.274414
11	31	-6055.381348
11	32	0.000000
11	33	-605.538147
11	34	16955.068359
11	35	1218342.750000
11	36	-169550.687500
11	43	-511.081238
11	45	-51.108124
11	46	21465.412109
11	47	11243.787109
11	48	-214654.109375
12	6	189522.859375
12	7	-1619.384033
12	2	592.258911
12	10	649218.000000
12	11	-649218.000000
12	8	-1619.384033
12	12	3097672.250000
12	13	209.395142
12	14	209.395142
12	18	134012.890625
12	19	592.258911
12	24	189522.859375
12	25	51.108124
12	26	766.621826
12	27	0.000000
12	28	214654.109375
12	29	-14310.274414
12	30	190122.218750
12	31	605.538147
12	32	605.538147
12	34	169550.687500
12	35	-169550.687500
12	36	-460209.000000
12	43	766.621826
12	44	51.108124
12	45	-0.000000
12	46	14310.274414
12	47	-214654.109375
12	48	190122.218750
13	6	592.258911
13	7	-490.409943
13	1	-1.233873
13	8	489.973724
13	12	209.395142
13	13	3068.635498
13	14	-709.445007
13	15	1532.375854
13	17	1022.162476
13	18	1619.384033
13	19	-1386.471924
13	25	-6.434584
13	26	70.964699
13	27	-47.309799
13	29	511.081238
13	30	766.621826
13	37	-58.955559
13	38	38.770954
13	39	-387.709534
13	40	-0.000000
13	41	6055.381348
13	42	605.538147
13	43	-1066.174072
13	44	70.964699
13	45	-709.646973
13	47	511.081238
13	48	51.108124
14	2	-1386.471924
14	7	489.973724
14	8	-490.409943
14	12	209.395142
14	13	-709.445007
14	14	3068.635498
14	15	-1532.375854
14	16	-1022.162476
14	18	1619.384033
14	20	-1.233873
14	24	592.258911
14	25	70.964699
14	26	-1066.174072
14	27	709.646973
14	28	-511.081238
14	30	51.108124
14	37	38.770954
14	38	-58.955559
14	39	387.709534
14	40	-6055.381348
14	41	0.000000
14	42	605.538147
14	43	70.964699
14	44	-6.434584
14	45	47.309799
14	46	-511.081238
14	48	766.621826
15	10	-209.395142
15	11	-209.395142
15	3	-1.233873
15	13	1532.375854
15	9	-0.436240
15	4	-592.258911
15	14	-1532.375854
15	15	8747.067383
15	16	-1619.384033
15	17	-1619.384033
15	21	-1.233873
15	23	-592.258911
15	25	-47.309799
15	26	709.646973
15	27	-474.801575
15	28	-766.621826
15	29	-51.108124
15	30	-0.000000
15	37	-387.709534
15	38	387.709534
15	39	-3897.280029
15	40	-605.538147
15	41	-605.538147
15	43	-709.646973
15	44	47.309799
15	45	-474.801575
15	46	-51.108124
15	47	-766.621826
15	48	0.000000
16	11	93809.023438
16	9	209.395142
16	4	189522.859375
16	10	40203.867188
16	14	-1022.162476
16	3	592.258911
16	15	-1619.384033
16	16	6481393.000000
16	17	195028.562500
16	18	-649218.000000
16	22	-75809.140625
16	26	511.081238
16	27	766.621826
16	28	331793.937500
16	29	21465.412109
16	30	-14310.274414
16	37	-0.000000
16	38	6055.381348
16	39	605.538147
16	40	1218342.750000
16	41	16955.068359
16	42	-169550.687500
16	44	511.081238
16	45	51.108124
16	46	11243.787109
16	47	21465.412109
16	48	-214654.109375
17	5	-75809.140625
17	13	1022.162476
17	9	209.395142
17	10	93809.023438
17	15	-1619.384033
17	16	195028.562500
17	11	40203.867188
17	17	6481393.000000
17	18	649218.000000
17	21	592.258911
17	23	189522.859375
17	25	-511.081238
17	27	51.108124
17	28	21465.412109
17	29	11243.787109
17	30	214654.109375
17	37	-6055.381348
17	38	0.000000
17	39	605.538147
17	40	16955.068359
17	41	1218342.750000
17	42	169550.687500
17	43	-511.081238
17	45	766.621826
17	46	21465.412109
17	47	331793.937500
17	48	14310.274414
18	8	-209.395142
18	12	134012.890625
18	13	1619.384033
18	7	-209.395142
18	14	1619.384033
18	16	-649218.000000
18	17	649218.000000
18	6	189522.859375
18	1	-592.258911
18	18	3097672.250000
18	20	-592.258911
18	24	189522.859375
18	25	-766.621826
18	26	-51.108124
18	27	-0.000000
18	28	-14310.274414
18	29	214654.109375
18	30	190122.218750
18	37	-605.538147
18	38	-605.538147
18	40	-169550.687500
18	41	169550.687500
18	42	-460209.000000
18	43	-51.108124
18	44	-766.621826
18	45	0.000000
18	46	-214654.109375
18	47	14310.274414
18	48	190122.218750
19	2	-489.973724
19	13	-1386.471924
19	1	-490.409943
19	6	209.395142
19	7	-1.233873
19	12	592.258911
19	19	1996.026855
19	20	567.515625
19	21	-775.419067
19	24	801.654053
19	43	-58.955559
19	44	-38.770954
19	45	387.709534
19	46	0.000000
19	47	6055.381348
19	48	605.538147
20	2	-490.409943
20	14	-1.233873
20	1	-489.973724
20	8	-1386.471924
20	6	-209.395142
20	18	-592.258911
20	19	567.515625
20	20	1996.026855
20	21	-775.419067
20	24	-801.654053
20	43	-38.770954
20	44	-58.955559
20	45	387.709534
20	46	-6055.381348
20	47	-0.000000
20	48	-605.538147
21	9	-1.233873
21	4	-209.395142
21	15	-1.233873
21	10	-592.258911
21	5	209.395142
21	17	592.258911
21	3	-0.436240
21	19	-775.419067
21	20	-775.419067
21	21	7797.463867
21	22	-801.654053
21	23	801.654053
21	43	387.709534
21	44	387.709534
21	45	-3897.280029
21	46	-605.538147
21	47	605.538147
22	4	40203.867188
22	10	189522.859375
22	16	-75809.140625
22	5	-93809.023438
22	21	-801.654053
22	9	592.258911
22	3	209.395142
22	22	5518107.500000
22	23	-145964.765625
22	24	387544.406250
22	43	0.000000
22	44	6055.381348
22	45	605.538147
22	46	1218342.750000
22	47	-16955.068359
22	48	169550.687500
23	4	-93809.023438
23	15	-592.258911
23	11	-75809.140625
23	3	-209.395142
23	17	189522.859375
23	5	40203.867188
23	21	801.654053
23	22	-145964.765625
23	23	5518107.500000
23	24	387544.406250
23	43	-6055.381348
23	44	-0.000000
23	45	-605.538147
23	46	-16955.068359
23	47	1218342.750000
23	48	169550.687500
24	18	189522.859375
24	12	189522.859375
24	19	801.654053
24	20	-801.654053
24	1	-209.395142
24	2	209.395142
24	6	134012.890625
24	22	387544.406250
24	7	-592.258911
24	23	387544.406250
24	14	592.258911
24	24	2091864.375000
24	43	-605.538147
24	44	605.538147
24	46	169550.687500
24	47	169550.687500
24	48	-460209.000000
25	4	0.000000
25	7	-1066.174072
25	15	-47.309799
25	9	709.646973
25	1	-58.955559
25	6	605.538147
25	17	-511.081238
25	2	-38.770954
25	5	-6055.381348
25	18	-766.621826
25	12	51.108124
25	3	-387.709534
25	11	-511.081238
25	13	-6.434584
25	14	70.964699
25	8	70.964699
25	25	4408.761719
25	26	658.663147
25	27	991.619568
25	29	333.965546
25	30	-2711.861572
25	31	-1584.539307
25	37	-1.841816
25	42	-773.562683
25	43	-560.544800
25	44	-559.893677
25	48	-273.495697
25	49	-58.955559
25	50	-38.770954
25	51	-387.709534
25	52	0.000000
25	53	6055.381348
25	54	-605.538147
25	55	-1062.780640
25	56	-81.578491
25	57	-815.784973
25	59	678.064026
25	60	-67.806396
25	61	-8.535482
25	62	-81.578491
25	63	-62.752689
25	65	678.064026
25	66	-881.483215
26	16	511.081238
26	8	-6.434584
26	18	-51.108124
26	4	6055.381348
26	12	766.621826
26	3	-387.709534
26	6	-605.538147
26	9	-47.309799
26	5	-0.000000
26	1	-38.770954
26	2	-58.955559
26	14	-1066.174072
26	13	70.964699
26	25	658.663147
26	15	709.646973
26	7	70.964699
26	10	511.081238
26	26	4408.761719
26	27	991.619568
26	28	-333.965546
26	30	2711.861572
26	32	-1.841816
26	36	773.562683
26	38	-1584.539307
26	43	-559.893677
26	44	-560.544800
26	48	273.495697
26	49	-38.770954
26	50	-58.955559
26	51	-387.709534
26	52	-6055.381348
26	53	-0.000000
26	54	605.538147
26	55	-81.578491
26	56	-8.535482
26	57	-62.752689
26	58	-678.064026
26	60	881.483215
26	61	-81.578491
26	62	-1062.780640
26	63	-815.784973
26	64	-678.064026
26	66	67.806396
27	13	-47.309799
27	17	51.108124
27	8	-47.309799
27	18	-0.000000
27	1	-387.709534
27	12	0.000000
27	3	-3897.280029
27	2	-387.709534
27	11	-766.621826
27	9	-474.801575
27	14	709.646973
27	25	991.619568
27	15	-474.801575
27	4	-605.538147
27	10	-51.108124
27	7	709.646973
27	26	991.619568
27	16	766.621826
27	5	605.538147
27	27	10008.072266
27	28	2711.861572
27	29	-2711.861572
27	33	-1.841816
27	35	-773.562683
27	39	-1.841816
27	40	773.562683
27	45	-0.651180
27	46	273.495697
27	47	-273.495697
27	49	-387.709534
27	50	-387.709534
27	51	-3897.280029
27	52	605.538147
27	53	-605.538147
27	55	-815.784973
27	56	-62.752689
27	57	-629.787109
27	58	67.806396
27	59	-881.483215
27	61	-62.752689
27	62	-815.784973
27	63	-629.787109
27	64	881.483215
27	65	-67.806396
28	2	-6055.381348
28	5	-16955.068359
28	3	605.538147
28	18	-14310.274414
28	14	-511.081238
28	12	214654.109375
28	1	0.000000
28	9	51.108124
28	11	21465.412109
28	6	-169550.687500
28	15	-766.621826
28	10	11243.787109
28	4	1218342.750000
28	26	-333.965546
28	17	21465.412109
28	16	331793.937500
28	27	2711.861572
28	8	-511.081238
28	28	7665097.500000
28	29	-168631.640625
28	30	-462352.687500
28	34	-86639.015625
28	39	-773.562683
28	40	216597.546875
28	45	-273.495697
28	46	45947.277344
28	47	-107210.312500
28	49	0.000000
28	50	6055.381348
28	51	-605.538147
28	52	1218342.750000
28	53	-16955.068359
28	54	-169550.687500
28	56	678.064026
28	57	-67.806396
28	58	45294.675781
28	59	-24681.529297
28	60	-246815.296875
28	62	678.064026
28	63	-881.483215
28	64	364255.968750
28	65	-24681.529297
28	66	-18985.791016
29	13	511.081238
29	1	6055.381348
29	4	-16955.068359
29	6	-169550.687500
29	25	333.965546
29	3	-605.538147
29	15	-51.108124
29	9	766.621826
29	10	21465.412109
29	7	511.081238
29	2	-0.000000
29	18	214654.109375
29	16	21465.412109
29	17	11243.787109
29	27	-2711.861572
29	28	-168631.640625
29	5	1218342.750000
29	11	331793.937500
29	12	-14310.274414
29	29	7665097.500000
29	30	-462352.687500
29	33	773.562683
29	35	216597.546875
29	41	-86639.015625
29	45	273.495697
29	46	-107210.312500
29	47	45947.277344
29	49	-6055.381348
29	50	-0.000000
29	51	605.538147
29	52	-16955.068359
29	53	1218342.750000
29	54	-169550.687500
29	55	-678.064026
29	57	881.483215
29	58	-24681.529297
29	59	364255.968750
29	60	-18985.791016
29	61	-678.064026
29	63	67.806396
29	64	-24681.529297
29	65	45294.675781
29	66	-246815.296875
30	8	-766.621826
30	11	-14310.274414
30	25	-2711.861572
30	4	-169550.687500
30	15	-0.000000
30	10	214654.109375
30	6	-460209.000000
30	26	2711.861572
30	16	-14310.274414
30	18	190122.218750
30	17	214654.109375
30	1	-605.538147
30	7	-51.108124
30	9	0.000000
30	28	-462352.687500
30	5	-169550.687500
30	12	190122.218750
30	2	605.538147
30	14	51.108124
30	29	-462352.687500
30	13	766.621826
30	30	4274917.500000
30	32	-773.562683
30	36	216597.546875
30	37	773.562683
30	42	216597.546875
30	43	273.495697
30	44	-273.495697
30	48	153157.593750
30	49	605.538147
30	50	-605.538147
30	52	-169550.687500
30	53	-169550.687500
30	54	-460209.000000
30	55	67.806396
30	56	-881.483215
30	58	-246815.296875
30	59	-18985.791016
30	60	176296.640625
30	61	881.483215
30	62	-67.806396
30	64	-18985.791016
30	65	-246815.296875
30	66	176296.640625
31	25	-1584.539307
31	11	-6055.381348
31	8	38.770954
31	7	-58.955559
31	10	-0.000000
31	9	387.709534
31	12	605.538147
31	31	2264.837158
31	32	-637.435547
31	33	-775.419067
31	36	-1047.058350
31	37	-560.544800
31	38	559.893677
31	42	-273.495697
31	43	-1.841816
31	48	-773.562683
31	55	-58.955559
31	56	38.770954
31	57	387.709534
31	58	-0.000000
31	59	6055.381348
31	60	-605.538147
32	12	605.538147
32	26	-1.841816
32	11	0.000000
32	8	-58.955559
32	9	-387.709534
32	7	38.770954
32	10	6055.381348
32	30	-773.562683
32	31	-637.435547
32	32	2264.837158
32	33	775.419067
32	36	-1047.058350
32	37	559.893677
32	38	-560.544800
32	42	-273.495697
32	44	-1584.539307
32	55	38.770954
32	56	-58.955559
32	57	-387.709534
32	58	-6055.381348
32	59	0.000000
32	60	-605.538147
33	7	387.709534
33	27	-1.841816
33	11	-605.538147
33	8	-387.709534
33	29	773.562683
33	9	-3897.280029
33	10	-605.538147
33	31	-775.419067
33	32	775.419067
33	33	7798.895020
33	34	1047.058350
33	35	1047.058350
33	39	-0.651180
33	40	273.495697
33	41	273.495697
33	45	-1.841816
33	46	773.562683
33	55	387.709534
33	56	-387.709534
33	57	-3897.280029
33	58	605.538147
33	59	605.538147
34	12	169550.687500
34	11	16955.068359
34	28	-86639.015625
34	8	-6055.381348
34	9	605.538147
34	10	1218342.750000
34	33	1047.058350
34	7	-0.000000
34	34	5606060.000000
34	35	161280.515625
34	36	387544.406250
34	39	-273.495697
34	40	45947.277344
34	41	107210.312500
34	45	-773.562683
34	46	216597.546875
34	55	-0.000000
34	56	6055.381348
34	57	-605.538147
34	58	1218342.750000
34	59	16955.068359
34	60	169550.687500
35	8	0.000000
35	27	-773.562683
35	11	1218342.750000
35	12	-169550.687500
35	29	216597.546875
35	10	16955.068359
35	9	605.538147
35	33	1047.058350
35	34	161280.515625
35	7	6055.381348
35	35	5606060.000000
35	36	-387544.406250
35	39	-273.495697
35	40	107210.312500
35	41	45947.277344
35	47	-86639.015625
35	55	-6055.381348
35	56	0.000000
35	57	-605.538147
35	58	16955.068359
35	59	1218342.750000
35	60	-169550.687500
36	11	-169550.687500
36	7	-605.538147
36	12	-460209.000000
36	8	-605.538147
36	30	216597.546875
36	10	169550.687500
36	31	-1047.058350
36	32	-1047.058350
36	26	773.562683
36	34	387544.406250
36	35	-387544.406250
36	36	2238452.500000
36	37	273.495697
36	38	273.495697
36	42	153157.593750
36	43	773.562683
36	48	216597.546875
36	55	605.538147
36	56	605.538147
36	58	169550.687500
36	59	-169550.687500
36	60	-460209.000000
37	18	-605.538147
37	14	38.770954
37	13	-58.955559
37	30	773.562683
37	17	-6055.381348
37	31	-560.544800
37	25	-1.841816
37	32	559.893677
37	15	-387.709534
37	16	-0.000000
37	36	273.495697
37	37	2264.837158
37	38	-637.435547
37	39	775.419067
37	42	1047.058350
37	43	-1584.539307
37	61	-58.955559
37	62	38.770954
37	63	-387.709534
37	64	-0.000000
37	65	6055.381348
37	66	605.538147
38	18	-605.538147
38	26	-1584.539307
38	13	38.770954
38	31	559.893677
38	32	-560.544800
38	15	387.709534
38	14	-58.955559
38	16	6055.381348
38	17	0.000000
38	36	273.495697
38	37	-637.435547
38	38	2264.837158
38	39	-775.419067
38	42	1047.058350
38	44	-1.841816
38	48	773.562683
38	61	38.770954
38	62	-58.955559
38	63	387.709534
38	64	-6055.381348
38	65	0.000000
38	66	605.538147
39	14	387.709534
39	13	-387.709534
39	27	-1.841816
39	15	-3897.280029
39	33	-0.651180
39	34	-273.495697
39	16	605.538147
39	35	-273.495697
39	17	605.538147
39	28	-773.562683
39	37	775.419067
39	38	-775.419067
39	39	7798.895020
39	40	-1047.058350
39	41	-1047.058350
39	45	-1.841816
39	47	-773.562683
39	61	-387.709534
39	62	387.709534
39	63	-3897.280029
39	64	-605.538147
39	65	-605.538147
40	13	-0.000000
40	15	-605.538147
40	14	-6055.381348
40	16	1218342.750000
40	33	273.495697
40	27	773.562683
40	34	45947.277344
40	35	107210.312500
40	17	16955.068359
40	18	-169550.687500
40	28	216597.546875
40	39	-1047.058350
40	40	5606060.000000
40	41	161280.515625
40	42	-387544.406250
40	46	-86639.015625
40	61	-0.000000
40	62	6055.381348
40	63	605.538147
40	64	1218342.750000
40	65	16955.068359
40	66	-169550.687500
41	16	16955.068359
41	15	-605.538147
41	14	0.000000
41	17	1218342.750000
41	13	6055.381348
41	33	273.495697
41	34	107210.312500
41	35	45947.277344
41	18	169550.687500
41	39	-1047.058350
41	40	161280.515625
41	29	-86639.015625
41	41	5606060.000000
41	42	387544.406250
41	45	773.562683
41	47	216597.546875
41	61	-6055.381348
41	62	0.000000
41	63	605.538147
41	64	16955.068359
41	65	1218342.750000
41	66	169550.687500
42	30	216597.546875
42	17	169550.687500
42	31	-273.495697
42	25	-773.562683
42	32	-273.495697
42	16	-169550.687500
42	36	153157.593750
42	37	1047.058350
42	38	1047.058350
42	18	-460209.000000
42	40	-387544.406250
42	41	387544.406250
42	13	605.538147
42	14	605.538147
42	42	2238452.500000
42	44	-773.562683
42	48	216597.546875
42	61	-605.538147
42	62	-605.538147
42	64	-169550.687500
42	65	169550.687500
42	66	-460209.000000
43	24	-605.538147
43	13	-1066.174072
43	19	-58.955559
43	18	-51.108124
43	21	387.709534
43	31	-1.841816
43	12	766.621826
43	25	-560.544800
43	9	47.309799
43	8	70.964699
43	17	-511.081238
43	15	-709.646973
43	14	70.964699
43	36	773.562683
43	11	-511.081238
43	37	-1584.539307
43	22	0.000000
43	7	-6.434584
43	20	-38.770954
43	23	-6055.381348
43	30	273.495697
43	26	-559.893677
43	43	4408.761719
43	44	658.663147
43	45	-991.619568
43	47	333.965546
43	48	2711.861572
43	55	-8.535482
43	56	-81.578491
43	57	62.752689
43	59	678.064026
43	60	881.483215
43	61	-1062.780640
43	62	-81.578491
43	63	815.784973
43	65	678.064026
43	66	67.806396
43	67	-58.955559
43	68	-38.770954
43	69	387.709534
43	70	0.000000
43	71	6055.381348
43	72	605.538147
44	10	511.081238
44	25	-559.893677
44	8	-1066.174072
44	32	-1584.539307
44	26	-560.544800
44	15	47.309799
44	13	70.964699
44	18	-766.621826
44	7	70.964699
44	16	511.081238
44	22	6055.381348
44	21	387.709534
44	38	-1.841816
44	9	-709.646973
44	19	-38.770954
44	12	51.108124
44	20	-58.955559
44	42	-773.562683
44	43	658.663147
44	30	-273.495697
44	24	605.538147
44	23	-0.000000
44	14	-6.434584
44	44	4408.761719
44	45	-991.619568
44	46	-333.965546
44	48	-2711.861572
44	55	-81.578491
44	56	-1062.780640
44	57	815.784973
44	58	-678.064026
44	60	-67.806396
44	61	-81.578491
44	62	-8.535482
44	63	62.752689
44	64	-678.064026
44	66	-881.483215
44	67	-38.770954
44	68	-58.955559
44	69	387.709534
44	70	-6055.381348
44	71	-0.000000
44	72	-605.538147
45	23	-605.538147
45	15	-474.801575
45	10	-766.621826
45	33	-1.841816
45	22	605.538147
45	14	47.309799
45	34	-773.562683
45	11	-51.108124
45	7	47.309799
45	16	51.108124
45	19	387.709534
45	12	-0.000000
45	27	-0.651180
45	18	0.000000
45	17	766.621826
45	28	-273.495697
45	39	-1.841816
45	21	-3897.280029
45	29	273.495697
45	20	387.709534
45	41	773.562683
45	9	-474.801575
45	13	-709.646973
45	43	-991.619568
45	44	-991.619568
45	8	-709.646973
45	45	10008.072266
45	46	-2711.861572
45	47	2711.861572
45	55	62.752689
45	56	815.784973
45	57	-629.787109
45	58	-881.483215
45	59	67.806396
45	61	815.784973
45	62	62.752689
45	63	-629.787109
45	64	-67.806396
45	65	881.483215
45	67	387.709534
45	68	387.709534
45	69	-3897.280029
45	70	-605.538147
45	71	605.538147
46	14	-511.081238
46	16	11243.787109
46	15	-51.108124
46	27	273.495697
46	10	331793.937500
46	17	21465.412109
46	33	773.562683
46	28	45947.277344
46	18	-214654.109375
46	19	0.000000
46	22	1218342.750000
46	40	-86639.015625
46	29	-107210.312500
46	12	14310.274414
46	21	-605.538147
46	8	-511.081238
46	20	-6055.381348
46	24	169550.687500
46	9	766.621826
46	23	-16955.068359
46	44	-333.965546
46	11	21465.412109
46	45	-2711.861572
46	34	216597.546875
46	46	7665097.500000
46	47	-168631.640625
46	48	462352.687500
46	56	678.064026
46	57	881.483215
46	58	364255.968750
46	59	-24681.529297
46	60	18985.791016
46	62	678.064026
46	63	67.806396
46	64	45294.675781
46	65	-24681.529297
46	66	246815.296875
46	67	0.000000
46	68	6055.381348
46	69	605.538147
46	70	1218342.750000
46	71	-16955.068359
46	72	169550.687500
47	22	-16955.068359
47	17	331793.937500
47	28	-107210.312500
47	13	511.081238
47	39	-773.562683
47	18	14310.274414
47	29	45947.277344
47	41	216597.546875
47	19	6055.381348
47	21	605.538147
47	43	333.965546
47	11	11243.787109
47	35	-86639.015625
47	9	51.108124
47	12	-214654.109375
47	15	-766.621826
47	24	169550.687500
47	7	511.081238
47	45	2711.861572
47	16	21465.412109
47	20	-0.000000
47	46	-168631.640625
47	10	21465.412109
47	23	1218342.750000
47	27	-273.495697
47	47	7665097.500000
47	48	462352.687500
47	55	-678.064026
47	57	-67.806396
47	58	-24681.529297
47	59	45294.675781
47	60	246815.296875
47	61	-678.064026
47	63	-881.483215
47	64	-24681.529297
47	65	364255.968750
47	66	18985.791016
47	67	-6055.381348
47	68	-0.000000
47	69	-605.538147
47	70	-16955.068359
47	71	1218342.750000
47	72	169550.687500
48	11	-214654.109375
48	18	190122.218750
48	20	-605.538147
48	12	190122.218750
48	14	766.621826
48	31	-773.562683
48	22	169550.687500
48	42	216597.546875
48	9	-0.000000
48	43	2711.861572
48	8	-51.108124
48	30	153157.593750
48	25	-273.495697
48	44	-2711.861572
48	16	-214654.109375
48	24	-460209.000000
48	26	273.495697
48	10	14310.274414
48	7	-766.621826
48	46	462352.687500
48	15	0.000000
48	36	216597.546875
48	19	605.538147
48	47	462352.687500
48	13	51.108124
48	23	169550.687500
48	17	14310.274414
48	38	773.562683
48	48	4274917.500000
48	55	-881.483215
48	56	67.806396
48	58	18985.791016
48	59	246815.296875
48	60	176296.640625
48	61	-67.806396
48	62	881.483215
48	64	246815.296875
48	65	18985.791016
48	66	176296.640625
48	67	-605.538147
48	68	605.538147
48	70	169550.687500
48	71	169550.687500
48	72	-460209.000000
49	29	-6055.381348
49	28	0.000000
49	30	605.538147
49	26	-38.770954
49	25	-58.955559
49	27	-387.709534
49	49	1617.715332
49	50	468.821167
49	51	775.419067
49	54	-478.473755
49	55	-1107.195801
49	61	-0.981929
49	66	-353.494568
49	67	-391.626434
49	68	-391.279266
49	72	-124.979202
49	73	-58.955559
49	74	-38.770954
49	75	-387.709534
49	76	0.000000
49	77	6055.381348
49	78	-605.538147
50	28	6055.381348
50	25	-38.770954
50	29	-0.000000
50	27	-387.709534
50	26	-58.955559
50	30	-605.538147
50	49	468.821167
50	50	1617.715332
50	51	775.419067
50	54	478.473755
50	56	-0.981929
50	60	353.494568
50	62	-1107.195801
50	67	-391.279266
50	68	-391.626434
50	72	124.979202
50	73	-38.770954
50	74	-58.955559
50	75	-387.709534
50	76	-6055.381348
50	77	-0.000000
50	78	605.538147
51	28	-605.538147
51	26	-387.709534
51	29	605.538147
51	49	775.419067
51	25	-387.709534
51	50	775.419067
51	27	-3897.280029
51	51	7796.871094
51	52	478.473755
51	53	-478.473755
51	57	-0.981929
51	59	-353.494568
51	63	-0.981929
51	64	353.494568
51	69	-0.347164
51	70	124.979202
51	71	-124.979202
51	73	-387.709534
51	74	-387.709534
51	75	-3897.280029
51	76	605.538147
51	77	-605.538147
52	28	1218342.750000
52	26	-6055.381348
52	27	605.538147
52	25	0.000000
52	51	478.473755
52	29	-16955.068359
52	30	-169550.687500
52	52	5178038.000000
52	53	-86746.453125
52	54	-387544.406250
52	58	-33935.476562
52	63	-353.494568
52	64	84838.695312
52	69	-124.979202
52	70	17997.003906
52	71	-41993.011719
52	73	0.000000
52	74	6055.381348
52	75	-605.538147
52	76	1218342.750000
52	77	-16955.068359
52	78	-169550.687500
53	28	-16955.068359
53	26	-0.000000
53	27	-605.538147
53	51	-478.473755
53	52	-86746.453125
53	25	6055.381348
53	29	1218342.750000
53	30	-169550.687500
53	53	5178038.000000
53	54	-387544.406250
53	57	353.494568
53	59	84838.695312
53	65	-33935.476562
53	69	124.979202
53	70	-41993.011719
53	71	17997.003906
53	73	-6055.381348
53	74	-0.000000
53	75	605.538147
53	76	-16955.068359
53	77	1218342.750000
53	78	-169550.687500
54	25	-605.538147
54	28	-169550.687500
54	26	605.538147
54	29	-169550.687500
54	30	-460209.000000
54	49	-478.473755
54	50	478.473755
54	52	-387544.406250
54	53	-387544.406250
54	54	1525082.000000
54	56	-353.494568
54	60	84838.695312
54	61	353.494568
54	66	84838.695312
54	67	124.979202
54	68	-124.979202
54	72	59990.015625
54	73	605.538147
54	74	-605.538147
54	76	-169550.687500
54	77	-169550.687500
54	78	-460209.000000
55	34	-0.000000
55	31	-58.955559
55	47	-678.064026
55	36	605.538147
55	48	-881.483215
55	33	387.709534
55	29	-678.064026
55	43	-8.535482
55	49	-1107.195801
55	26	-81.578491
55	35	-6055.381348
55	27	-815.784973
55	44	-81.578491
55	25	-1062.780640
55	32	38.770954
55	30	67.806396
55	45	62.752689
55	55	3721.651611
55	56	-490.781006
55	57	-1032.114990
55	58	0.000000
55	59	462.805695
55	60	-2383.510742
55	61	-391.626434
55	62	391.279266
55	66	-124.979202
55	67	-0.981929
55	72	-353.494568
55	73	-1021.174133
55	74	92.558418
55	75	925.584167
55	77	909.466858
55	78	-90.946686
55	79	-58.955559
55	80	38.770954
55	81	387.709534
55	82	-0.000000
55	83	6055.381348
55	84	-605.538147
55	91	-11.445958
55	92	92.558418
55	93	84.144012
55	94	0.000000
55	95	909.466858
55	96	-1000.413513
56	30	-881.483215
56	33	-387.709534
56	48	67.806396
56	43	-81.578491
56	50	-0.981929
56	28	678.064026
56	27	-62.752689
56	26	-8.535482
56	34	6055.381348
56	35	0.000000
56	32	-58.955559
56	25	-81.578491
56	54	-353.494568
56	36	605.538147
56	45	815.784973
56	55	-490.781006
56	44	-1062.780640
56	46	678.064026
56	31	38.770954
56	56	3721.651611
56	57	1032.114990
56	58	-462.805695
56	59	-0.000000
56	60	-2383.510742
56	61	391.279266
56	62	-391.626434
56	66	-124.979202
56	68	-1107.195801
56	73	92.558418
56	74	-11.445958
56	75	-84.144012
56	76	-909.466858
56	77	-0.000000
56	78	-1000.413513
56	79	38.770954
56	80	-58.955559
56	81	-387.709534
56	82	-6055.381348
56	83	0.000000
56	84	-605.538147
56	91	92.558418
56	92	-1021.174133
56	93	-925.584167
56	94	-909.466858
56	96	-90.946686
57	26	-62.752689
57	25	-815.784973
57	29	881.483215
57	33	-3897.280029
57	43	62.752689
57	51	-0.981929
57	53	353.494568
57	32	-387.709534
57	28	-67.806396
57	45	-629.787109
57	27	-629.787109
57	55	-1032.114990
57	35	-605.538147
57	46	881.483215
57	47	-67.806396
57	56	1032.114990
57	34	-605.538147
57	31	387.709534
57	44	815.784973
57	57	10745.388672
57	58	2383.510742
57	59	2383.510742
57	63	-0.347164
57	64	124.979202
57	65	124.979202
57	69	-0.981929
57	70	353.494568
57	73	925.584167
57	74	-84.144012
57	75	-844.471741
57	76	90.946686
57	77	1000.413513
57	79	387.709534
57	80	-387.709534
57	81	-3897.280029
57	82	605.538147
57	83	605.538147
57	91	84.144012
57	92	-925.584167
57	93	-844.471741
57	94	1000.413513
57	95	90.946686
58	29	-24681.529297
58	31	-0.000000
58	33	605.538147
58	27	67.806396
58	30	-246815.296875
58	44	-678.064026
58	52	-33935.476562
58	34	1218342.750000
58	28	45294.675781
58	32	-6055.381348
58	26	-678.064026
58	48	18985.791016
58	45	-881.483215
58	55	0.000000
58	35	16955.068359
58	46	364255.968750
58	36	169550.687500
58	47	-24681.529297
58	56	-462.805695
58	57	2383.510742
58	58	7533946.500000
58	59	94358.000000
58	60	476403.125000
58	63	-124.979202
58	64	17997.003906
58	65	41993.011719
58	69	-353.494568
58	70	84838.695312
58	74	909.466858
58	75	-90.946686
58	76	95675.914062
58	77	28011.578125
58	78	280115.781250
58	79	-0.000000
58	80	6055.381348
58	81	-605.538147
58	82	1218342.750000
58	83	16955.068359
58	84	169550.687500
58	91	0.000000
58	92	909.466858
58	93	-1000.413513
58	94	401256.781250
58	95	28011.578125
58	96	25465.072266
59	27	-881.483215
59	43	678.064026
59	51	-353.494568
59	53	84838.695312
59	33	605.538147
59	28	-24681.529297
59	45	67.806396
59	48	246815.296875
59	55	462.805695
59	35	1218342.750000
59	46	-24681.529297
59	29	364255.968750
59	56	-0.000000
59	47	45294.675781
59	34	16955.068359
59	57	2383.510742
59	31	6055.381348
59	32	0.000000
59	36	-169550.687500
59	58	94358.000000
59	25	678.064026
59	30	-18985.791016
59	59	7533946.500000
59	60	-476403.125000
59	63	-124.979202
59	64	41993.011719
59	65	17997.003906
59	71	-33935.476562
59	73	-909.466858
59	74	-0.000000
59	75	-1000.413513
59	76	28011.578125
59	77	401256.781250
59	78	-25465.072266
59	79	-6055.381348
59	80	0.000000
59	81	-605.538147
59	82	16955.068359
59	83	1218342.750000
59	84	-169550.687500
59	91	-909.466858
59	93	-90.946686
59	94	28011.578125
59	95	95675.914062
59	96	-280115.781250
60	34	169550.687500
60	44	-67.806396
60	28	-246815.296875
60	54	84838.695312
60	26	881.483215
60	29	-18985.791016
60	36	-460209.000000
60	55	-2383.510742
60	48	176296.640625
60	25	-67.806396
60	46	18985.791016
60	35	-169550.687500
60	56	-2383.510742
60	47	246815.296875
60	43	881.483215
60	58	476403.125000
60	50	353.494568
60	30	176296.640625
60	31	-605.538147
60	59	-476403.125000
60	32	-605.538147
60	60	3588893.500000
60	61	124.979202
60	62	124.979202
60	66	59990.015625
60	67	353.494568
60	72	84838.695312
60	73	90.946686
60	74	1000.413513
60	76	280115.781250
60	77	-25465.072266
60	78	149152.562500
60	79	605.538147
60	80	605.538147
60	82	169550.687500
60	83	-169550.687500
60	84	-460209.000000
60	91	1000.413513
60	92	90.946686
60	94	25465.072266
60	95	-280115.781250
60	96	149152.562500
61	54	353.494568
61	27	-62.752689
61	38	38.770954
61	55	-391.626434
61	39	-387.709534
61	45	815.784973
61	48	-67.806396
61	56	391.279266
61	47	-678.064026
61	26	-81.578491
61	25	-8.535482
61	41	-6055.381348
61	40	-0.000000
61	37	-58.955559
61	42	-605.538147
61	43	-1062.780640
61	49	-0.981929
61	29	-678.064026
61	44	-81.578491
61	60	124.979202
61	30	881.483215
61	61	3721.651611
61	62	-490.781006
61	63	1032.114990
61	64	0.000000
61	65	462.805695
61	66	2383.510742
61	67	-1107.195801
61	73	-11.445958
61	74	92.558418
61	75	-84.144012
61	76	0.000000
61	77	909.466858
61	78	1000.413513
61	85	-58.955559
61	86	38.770954
61	87	-387.709534
61	88	-0.000000
61	89	6055.381348
61	90	605.538147
61	91	-1021.174133
61	92	92.558418
61	93	-925.584167
61	95	909.466858
61	96	90.946686
62	30	-67.806396
62	46	678.064026
62	39	387.709534
62	37	38.770954
62	45	62.752689
62	56	-391.626434
62	48	881.483215
62	28	678.064026
62	40	6055.381348
62	25	-81.578491
62	38	-58.955559
62	42	-605.538147
62	26	-1062.780640
62	50	-1107.195801
62	43	-81.578491
62	41	0.000000
62	27	-815.784973
62	60	124.979202
62	44	-8.535482
62	61	-490.781006
62	55	391.279266
62	62	3721.651611
62	63	-1032.114990
62	64	-462.805695
62	65	-0.000000
62	66	2383.510742
62	68	-0.981929
62	72	353.494568
62	73	92.558418
62	74	-1021.174133
62	75	925.584167
62	76	-909.466858
62	78	90.946686
62	85	38.770954
62	86	-58.955559
62	87	387.709534
62	88	-6055.381348
62	89	0.000000
62	90	605.538147
62	91	92.558418
62	92	-11.445958
62	93	84.144012
62	94	-909.466858
62	95	-0.000000
62	96	1000.413513
63	41	605.538147
63	47	-881.483215
63	25	-62.752689
63	38	387.709534
63	51	-0.981929
63	57	-0.347164
63	40	605.538147
63	28	-881.483215
63	58	-124.979202
63	29	67.806396
63	59	-124.979202
63	26	-815.784973
63	43	815.784973
63	39	-3897.280029
63	52	-353.494568
63	44	62.752689
63	37	-387.709534
63	61	1032.114990
63	45	-629.787109
63	62	-1032.114990
63	46	67.806396
63	27	-629.787109
63	63	10745.388672
63	64	-2383.510742
63	65	-2383.510742
63	69	-0.981929
63	71	-353.494568
63	73	-84.144012
63	74	925.584167
63	75	-844.471741
63	76	-1000.413513
63	77	-90.946686
63	85	-387.709534
63	86	387.709534
63	87	-3897.280029
63	88	-605.538147
63	89	-605.538147
63	91	-925.584167
63	92	84.144012
63	93	-844.471741
63	94	-90.946686
63	95	-1000.413513
64	48	246815.296875
64	57	124.979202
64	41	16955.068359
64	27	881.483215
64	40	1218342.750000
64	38	-6055.381348
64	45	-67.806396
64	51	353.494568
64	29	-24681.529297
64	58	17997.003906
64	42	-169550.687500
64	28	364255.968750
64	59	41993.011719
64	44	-678.064026
64	47	-24681.529297
64	52	84838.695312
64	61	0.000000
64	30	-18985.791016
64	37	-0.000000
64	39	-605.538147
64	62	-462.805695
64	26	-678.064026
64	46	45294.675781
64	63	-2383.510742
64	64	7533946.500000
64	65	94358.000000
64	66	-476403.125000
64	70	-33935.476562
64	73	0.000000
64	74	909.466858
64	75	1000.413513
64	76	401256.781250
64	77	28011.578125
64	78	-25465.072266
64	85	-0.000000
64	86	6055.381348
64	87	605.538147
64	88	1218342.750000
64	89	16955.068359
64	90	-169550.687500
64	92	909.466858
64	93	90.946686
64	94	95675.914062
64	95	28011.578125
64	96	-280115.781250
65	25	678.064026
65	29	45294.675781
65	58	41993.011719
65	42	169550.687500
65	59	17997.003906
65	45	881.483215
65	43	678.064026
65	30	-246815.296875
65	53	-33935.476562
65	57	124.979202
65	61	462.805695
65	40	16955.068359
65	28	-24681.529297
65	62	-0.000000
65	46	-24681.529297
65	47	364255.968750
65	37	6055.381348
65	27	-67.806396
65	41	1218342.750000
65	63	-2383.510742
65	39	-605.538147
65	64	94358.000000
65	48	18985.791016
65	38	0.000000
65	65	7533946.500000
65	66	476403.125000
65	69	353.494568
65	71	84838.695312
65	73	-909.466858
65	75	90.946686
65	76	28011.578125
65	77	95675.914062
65	78	280115.781250
65	85	-6055.381348
65	86	0.000000
65	87	605.538147
65	88	16955.068359
65	89	1218342.750000
65	90	169550.687500
65	91	-909.466858
65	92	-0.000000
65	93	1000.413513
65	94	28011.578125
65	95	401256.781250
65	96	25465.072266
66	40	-169550.687500
66	43	67.806396
66	25	-881.483215
66	55	-124.979202
66	60	59990.015625
66	41	169550.687500
66	56	-124.979202
66	44	-881.483215
66	61	2383.510742
66	28	-18985.791016
66	26	67.806396
66	62	2383.510742
66	46	246815.296875
66	47	18985.791016
66	37	605.538147
66	38	605.538147
66	64	-476403.125000
66	54	84838.695312
66	29	-246815.296875
66	48	176296.640625
66	65	476403.125000
66	49	-353.494568
66	30	176296.640625
66	42	-460209.000000
66	66	3588893.500000
66	68	-353.494568
66	72	84838.695312
66	73	-1000.413513
66	74	-90.946686
66	76	-25465.072266
66	77	280115.781250
66	78	149152.562500
66	85	-605.538147
66	86	-605.538147
66	88	-169550.687500
66	89	169550.687500
66	90	-460209.000000
66	91	-90.946686
66	92	-1000.413513
66	94	-280115.781250
66	95	25465.072266
66	96	149152.562500
67	45	387.709534
67	60	353.494568
67	44	-38.770954
67	48	-605.538147
67	61	-1107.195801
67	46	0.000000
67	43	-58.955559
67	55	-0.981929
67	47	-6055.381348
67	54	124.979202
67	50	-391.279266
67	49	-391.626434
67	67	1617.715332
67	68	468.821167
67	69	-775.419067
67	72	478.473755
67	91	-58.955559
67	92	-38.770954
67	93	387.709534
67	94	0.000000
67	95	6055.381348
67	96	605.538147
68	44	-58.955559
68	54	-124.979202
68	49	-391.279266
68	48	605.538147
68	46	6055.381348
68	56	-1107.195801
68	62	-0.981929
68	43	-38.770954
68	47	-0.000000
68	50	-391.626434
68	66	-353.494568
68	67	468.821167
68	45	387.709534
68	68	1617.715332
68	69	-775.419067
68	72	-478.473755
68	91	-38.770954
68	92	-58.955559
68	93	387.709534
68	94	-6055.381348
68	95	-0.000000
68	96	-605.538147
69	57	-0.981929
69	46	605.538147
69	45	-3897.280029
69	53	124.979202
69	58	-353.494568
69	51	-0.347164
69	63	-0.981929
69	47	-605.538147
69	43	387.709534
69	65	353.494568
69	52	-124.979202
69	67	-775.419067
69	44	387.709534
69	68	-775.419067
69	69	7796.871094
69	70	-478.473755
69	71	478.473755
69	91	387.709534
69	92	387.709534
69	93	-3897.280029
69	94	-605.538147
69	95	605.538147
70	57	353.494568
70	45	-605.538147
70	44	-6055.381348
70	48	169550.687500
70	58	84838.695312
70	52	17997.003906
70	47	-16955.068359
70	64	-33935.476562
70	53	-41993.011719
70	46	1218342.750000
70	43	0.000000
70	69	-478.473755
70	51	124.979202
70	70	5178038.000000
70	71	-86746.453125
70	72	387544.406250
70	91	0.000000
70	92	6055.381348
70	93	605.538147
70	94	1218342.750000
70	95	-16955.068359
70	96	169550.687500
71	51	-124.979202
71	43	6055.381348
71	63	-353.494568
71	47	1218342.750000
71	48	169550.687500
71	59	-33935.476562
71	65	84838.695312
71	46	-16955.068359
71	53	17997.003906
71	44	-0.000000
71	69	478.473755
71	45	605.538147
71	70	-86746.453125
71	52	-41993.011719
71	71	5178038.000000
71	72	387544.406250
71	91	-6055.381348
71	92	-0.000000
71	93	-605.538147
71	94	-16955.068359
71	95	1218342.750000
71	96	169550.687500
72	62	353.494568
72	44	-605.538147
72	55	-353.494568
72	47	169550.687500
72	48	-460209.000000
72	43	605.538147
72	50	124.979202
72	66	84838.695312
72	54	59990.015625
72	67	478.473755
72	60	84838.695312
72	68	-478.473755
72	49	-124.979202
72	46	169550.687500
72	70	387544.406250
72	71	387544.406250
72	72	1525082.000000
72	91	-605.538147
72	92	605.538147
72	94	169550.687500
72	95	169550.687500
72	96	-460209.000000
73	62	92.558418
73	63	-84.144012
73	54	605.538147
73	55	-1021.174133
73	51	-387.709534
73	64	0.000000
73	49	-58.955559
73	56	92.558418
73	59	-909.466858
73	60	90.946686
73	52	0.000000
73	65	-909.466858
73	50	-38.770954
73	66	-1000.413513
73	53	-6055.381348
73	61	-11.445958
73	57	925.584167
73	73	4360.107422
73	74	1033.480835
73	75	1067.137451
73	76	0.000000
73	77	631.479065
73	78	-3363.585693
73	79	-1328.635010
73	85	-1.696774
73	90	-509.032166
73	97	-941.886414
73	98	-937.087219
73	102	-719.880188
73	103	-58.955559
73	104	-38.770954
73	105	-387.709534
73	106	0.000000
73	107	6055.381348
73	108	-605.538147
73	109	-921.942444
73	110	-101.984268
73	111	-1019.842712
73	112	0.000000
73	113	1225.206421
73	114	-122.520638
73	115	-15.415606
73	116	-101.984268
73	117	-113.315857
73	119	1225.206421
73	120	-1102.685791
74	64	909.466858
74	62	-1021.174133
74	61	92.558418
74	51	-387.709534
74	52	6055.381348
74	59	-0.000000
74	54	-605.538147
74	66	-90.946686
74	50	-58.955559
74	53	-0.000000
74	60	1000.413513
74	49	-38.770954
74	57	-84.144012
74	58	909.466858
74	73	1033.480835
74	55	92.558418
74	63	925.584167
74	56	-11.445958
74	74	4360.107422
74	75	1067.137451
74	76	-631.479065
74	77	-0.000000
74	78	3363.585693
74	80	-1.696774
74	84	509.032166
74	86	-1328.635010
74	97	-937.087219
74	98	-941.886414
74	102	719.880188
74	103	-38.770954
74	104	-58.955559
74	105	-387.709534
74	106	-6055.381348
74	107	-0.000000
74	108	605.538147
74	109	-101.984268
74	110	-15.415606
74	111	-113.315857
74	112	-1225.206421
74	114	1102.685791
74	115	-101.984268
74	116	-921.942444
74	117	-1019.842712
74	118	-1225.206421
74	119	-0.000000
74	120	122.520638
75	65	90.946686
75	55	925.584167
75	59	-1000.413513
75	62	925.584167
75	51	-3897.280029
75	58	-90.946686
75	61	-84.144012
75	56	-84.144012
75	50	-387.709534
75	57	-844.471741
75	52	-605.538147
75	53	605.538147
75	49	-387.709534
75	73	1067.137451
75	63	-844.471741
75	64	1000.413513
75	74	1067.137451
75	75	11766.181641
75	76	3363.585693
75	77	-3363.585693
75	81	-1.696774
75	83	-509.032166
75	87	-1.696774
75	88	509.032166
75	99	-4.799201
75	100	719.880188
75	101	-719.880188
75	103	-387.709534
75	104	-387.709534
75	105	-3897.280029
75	106	605.538147
75	107	-605.538147
75	109	-1019.842712
75	110	-113.315857
75	111	-1137.242554
75	112	122.520638
75	113	-1102.685791
75	115	-113.315857
75	116	-1019.842712
75	117	-1137.242554
75	118	1102.685791
75	119	-122.520638
76	59	28011.578125
76	51	605.538147
76	66	-25465.072266
76	52	1218342.750000
76	56	-909.466858
76	62	-909.466858
76	57	90.946686
76	54	-169550.687500
76	60	280115.781250
76	65	28011.578125
76	73	0.000000
76	63	-1000.413513
76	61	0.000000
76	53	-16955.068359
76	74	-631.479065
76	64	401256.781250
76	58	95675.914062
76	75	3363.585693
76	50	-6055.381348
76	49	0.000000
76	76	8042107.000000
76	77	-160480.687500
76	78	-488581.062500
76	82	-40722.574219
76	87	-509.032166
76	88	101806.429688
76	99	-719.880188
76	100	43192.812500
76	101	-100783.226562
76	103	0.000000
76	104	6055.381348
76	105	-605.538147
76	106	1218342.750000
76	107	-16955.068359
76	108	-169550.687500
76	109	0.000000
76	110	1225.206421
76	111	-122.520638
76	112	168098.312500
76	113	-30875.201172
76	114	-308752.000000
76	116	1225.206421
76	117	-1102.685791
76	118	442544.531250
76	119	-30875.201172
76	120	-34305.777344
77	50	-0.000000
77	59	401256.781250
77	54	-169550.687500
77	61	909.466858
77	60	-25465.072266
77	57	1000.413513
77	56	-0.000000
77	58	28011.578125
77	73	631.479065
77	63	-90.946686
77	66	280115.781250
77	65	95675.914062
77	74	-0.000000
77	64	28011.578125
77	49	6055.381348
77	51	-605.538147
77	75	-3363.585693
77	52	-16955.068359
77	76	-160480.687500
77	53	1218342.750000
77	55	909.466858
77	77	8042107.000000
77	78	-488581.062500
77	81	509.032166
77	83	101806.429688
77	89	-40722.574219
77	99	719.880188
77	100	-100783.226562
77	101	43192.812500
77	103	-6055.381348
77	104	-0.000000
77	105	605.538147
77	106	-16955.068359
77	107	1218342.750000
77	108	-169550.687500
77	109	-1225.206421
77	111	1102.685791
77	112	-30875.201172
77	113	442544.531250
77	114	-34305.777344
77	115	-1225.206421
77	116	-0.000000
77	117	122.520638
77	118	-30875.201172
77	119	168098.312500
77	120	-308752.000000
78	55	-90.946686
78	62	90.946686
78	73	-3363.585693
78	54	-460209.000000
78	59	-25465.072266
78	60	149152.562500
78	66	149152.562500
78	74	3363.585693
78	64	-25465.072266
78	65	280115.781250
78	56	-1000.413513
78	61	1000.413513
78	76	-488581.062500
78	49	-605.538147
78	58	280115.781250
78	77	-488581.062500
78	52	-169550.687500
78	50	605.538147
78	53	-169550.687500
78	78	3793847.750000
78	80	-509.032166
78	84	101806.429688
78	85	509.032166
78	90	101806.429688
78	97	719.880188
78	98	-719.880188
78	102	143976.031250
78	103	605.538147
78	104	-605.538147
78	106	-169550.687500
78	107	-169550.687500
78	108	-460209.000000
78	109	122.520638
78	110	-1102.685791
78	112	-308752.000000
78	113	-34305.777344
78	114	102917.335938
78	115	1102.685791
78	116	-122.520638
78	118	-34305.777344
78	119	-308752.000000
78	120	102917.335938
79	60	605.538147
79	73	-1328.635010
79	57	387.709534
79	59	-6055.381348
79	55	-58.955559
79	58	-0.000000
79	56	38.770954
79	79	2390.129395
79	80	-1014.629150
79	81	-775.419067
79	84	-1228.912354
79	91	-1.696774
79	96	-509.032166
79	97	-941.886414
79	98	937.087219
79	102	-719.880188
79	109	-58.955559
79	110	38.770954
79	111	387.709534
79	112	-0.000000
79	113	6055.381348
79	114	-605.538147
80	58	6055.381348
80	57	-387.709534
80	74	-1.696774
80	59	0.000000
80	60	605.538147
80	78	-509.032166
80	55	38.770954
80	56	-58.955559
80	79	-1014.629150
80	80	2390.129395
80	81	775.419067
80	84	-1228.912354
80	92	-1328.635010
80	97	937.087219
80	98	-941.886414
80	102	-719.880188
80	109	38.770954
80	110	-58.955559
80	111	-387.709534
80	112	-6055.381348
80	113	0.000000
80	114	-605.538147
81	55	387.709534
81	57	-3897.280029
81	75	-1.696774
81	58	-605.538147
81	59	-605.538147
81	77	509.032166
81	79	-775.419067
81	56	-387.709534
81	80	775.419067
81	81	7802.752930
81	82	1228.912354
81	83	1228.912354
81	93	-1.696774
81	94	509.032166
81	99	-4.799201
81	100	719.880188
81	101	719.880188
81	109	387.709534
81	110	-387.709534
81	111	-3897.280029
81	112	605.538147
81	113	605.538147
82	57	605.538147
82	58	1218342.750000
82	76	-40722.574219
82	59	16955.068359
82	55	-0.000000
82	60	169550.687500
82	81	1228.912354
82	56	-6055.381348
82	82	5319543.500000
82	83	153935.265625
82	84	387544.406250
82	93	-509.032166
82	94	101806.429688
82	99	-719.880188
82	100	43192.812500
82	101	100783.226562
82	109	-0.000000
82	110	6055.381348
82	111	-605.538147
82	112	1218342.750000
82	113	16955.068359
82	114	169550.687500
83	60	-169550.687500
83	75	-509.032166
83	58	16955.068359
83	59	1218342.750000
83	77	101806.429688
83	55	6055.381348
83	56	0.000000
83	81	1228.912354
83	82	153935.265625
83	57	605.538147
83	83	5319543.500000
83	84	-387544.406250
83	95	-40722.574219
83	99	-719.880188
83	100	100783.226562
83	101	43192.812500
83	109	-6055.381348
83	110	0.000000
83	111	-605.538147
83	112	16955.068359
83	113	1218342.750000
83	114	-169550.687500
84	58	169550.687500
84	59	-169550.687500
84	60	-460209.000000
84	78	101806.429688
84	55	-605.538147
84	79	-1228.912354
84	80	-1228.912354
84	56	-605.538147
84	74	509.032166
84	82	387544.406250
84	83	-387544.406250
84	84	1760925.000000
84	91	509.032166
84	96	101806.429688
84	97	719.880188
84	98	719.880188
84	102	143976.031250
84	109	605.538147
84	110	605.538147
84	112	169550.687500
84	113	-169550.687500
84	114	-460209.000000
85	64	-0.000000
85	65	-6055.381348
85	61	-58.955559
85	62	38.770954
85	78	509.032166
85	63	-387.709534
85	73	-1.696774
85	66	-605.538147
85	85	2390.129395
85	86	-1014.629150
85	87	775.419067
85	90	1228.912354
85	91	-1328.635010
85	97	-941.886414
85	98	937.087219
85	102	719.880188
85	115	-58.955559
85	116	38.770954
85	117	-387.709534
85	118	-0.000000
85	119	6055.381348
85	120	605.538147
86	61	38.770954
86	62	-58.955559
86	66	-605.538147
86	63	387.709534
86	65	0.000000
86	64	6055.381348
86	74	-1328.635010
86	85	-1014.629150
86	86	2390.129395
86	87	-775.419067
86	90	1228.912354
86	92	-1.696774
86	96	509.032166
86	97	937.087219
86	98	-941.886414
86	102	719.880188
86	115	38.770954
86	116	-58.955559
86	117	387.709534
86	118	-6055.381348
86	119	0.000000
86	120	605.538147
87	61	-387.709534
87	62	387.709534
87	63	-3897.280029
87	75	-1.696774
87	64	605.538147
87	65	605.538147
87	85	775.419067
87	86	-775.419067
87	76	-509.032166
87	87	7802.752930
87	88	-1228.912354
87	89	-1228.912354
87	93	-1.696774
87	95	-509.032166
87	99	-4.799201
87	100	-719.880188
87	101	-719.880188
87	115	-387.709534
87	116	387.709534
87	117	-3897.280029
87	118	-605.538147
87	119	-605.538147
88	62	-6055.381348
88	61	-0.000000
88	66	-169550.687500
88	63	-605.538147
88	75	509.032166
88	64	1218342.750000
88	65	16955.068359
88	76	101806.429688
88	87	-1228.912354
88	88	5319543.500000
88	89	153935.265625
88	90	-387544.406250
88	94	-40722.574219
88	99	719.880188
88	100	43192.812500
88	101	100783.226562
88	115	-0.000000
88	116	6055.381348
88	117	605.538147
88	118	1218342.750000
88	119	16955.068359
88	120	-169550.687500
89	62	0.000000
89	61	6055.381348
89	63	-605.538147
89	64	16955.068359
89	65	1218342.750000
89	66	169550.687500
89	87	-1228.912354
89	88	153935.265625
89	77	-40722.574219
89	89	5319543.500000
89	90	387544.406250
89	93	509.032166
89	95	101806.429688
89	99	719.880188
89	100	100783.226562
89	101	43192.812500
89	115	-6055.381348
89	116	0.000000
89	117	605.538147
89	118	16955.068359
89	119	1218342.750000
89	120	169550.687500
90	78	101806.429688
90	64	-169550.687500
90	73	-509.032166
90	61	605.538147
90	85	1228.912354
90	86	1228.912354
90	66	-460209.000000
90	65	169550.687500
90	88	-387544.406250
90	62	605.538147
90	89	387544.406250
90	90	1760925.000000
90	92	-509.032166
90	96	101806.429688
90	97	-719.880188
90	98	-719.880188
90	102	143976.031250
90	115	-605.538147
90	116	-605.538147
90	118	-169550.687500
90	119	169550.687500
90	120	-460209.000000
91	72	-605.538147
91	62	92.558418
91	79	-1.696774
91	57	84.144012
91	68	-38.770954
91	67	-58.955559
91	84	509.032166
91	61	-1021.174133
91	85	-1328.635010
91	58	0.000000
91	63	-925.584167
91	66	-90.946686
91	55	-11.445958
91	70	0.000000
91	71	-6055.381348
91	60	1000.413513
91	69	387.709534
91	59	-909.466858
91	56	92.558418
91	65	-909.466858
91	91	4360.107422
91	92	1033.480835
91	93	-1067.137451
91	94	0.000000
91	95	631.479065
91	96	3363.585693
91	97	-941.886414
91	98	-937.087219
91	102	719.880188
91	109	-15.415606
91	110	-101.984268
91	111	113.315857
91	113	1225.206421
91	114	1102.685791
91	115	-921.942444
91	116	-101.984268
91	117	1019.842712
91	118	0.000000
91	119	1225.206421
91	120	122.520638
91	121	-58.955559
91	122	-38.770954
91	123	387.709534
91	124	0.000000
91	125	6055.381348
91	126	605.538147
92	56	-1021.174133
92	63	84.144012
92	80	-1328.635010
92	60	90.946686
92	57	-925.584167
92	61	92.558418
92	65	-0.000000
92	86	-1.696774
92	58	909.466858
92	55	92.558418
92	71	-0.000000
92	66	-1000.413513
92	62	-11.445958
92	68	-58.955559
92	67	-38.770954
92	70	6055.381348
92	72	605.538147
92	64	909.466858
92	69	387.709534
92	90	-509.032166
92	91	1033.480835
92	92	4360.107422
92	93	-1067.137451
92	94	-631.479065
92	95	-0.000000
92	96	-3363.585693
92	97	-937.087219
92	98	-941.886414
92	102	-719.880188
92	109	-101.984268
92	110	-921.942444
92	111	1019.842712
92	112	-1225.206421
92	113	-0.000000
92	114	-122.520638
92	115	-101.984268
92	116	-15.415606
92	117	113.315857
92	118	-1225.206421
92	120	-1102.685791
92	121	-38.770954
92	122	-58.955559
92	123	387.709534
92	124	-6055.381348
92	125	-0.000000
92	126	-605.538147
93	62	84.144012
93	63	-844.471741
93	81	-1.696774
93	55	84.144012
93	82	-509.032166
93	64	90.946686
93	57	-844.471741
93	65	1000.413513
93	58	-1000.413513
93	87	-1.696774
93	59	-90.946686
93	56	-925.584167
93	61	-925.584167
93	67	387.709534
93	89	509.032166
93	70	605.538147
93	69	-3897.280029
93	71	-605.538147
93	91	-1067.137451
93	92	-1067.137451
93	68	387.709534
93	93	11766.181641
93	94	-3363.585693
93	95	3363.585693
93	99	-4.799201
93	100	-719.880188
93	101	719.880188
93	109	113.315857
93	110	1019.842712
93	111	-1137.242554
93	112	-1102.685791
93	113	122.520638
93	115	1019.842712
93	116	113.315857
93	117	-1137.242554
93	118	-122.520638
93	119	1102.685791
93	121	387.709534
93	122	387.709534
93	123	-3897.280029
93	124	-605.538147
93	125	605.538147
94	57	1000.413513
94	64	95675.914062
94	70	1218342.750000
94	59	28011.578125
94	60	25465.072266
94	63	-90.946686
94	81	509.032166
94	66	-280115.781250
94	65	28011.578125
94	56	-909.466858
94	55	0.000000
94	68	-6055.381348
94	62	-909.466858
94	88	-40722.574219
94	69	-605.538147
94	71	-16955.068359
94	72	169550.687500
94	67	0.000000
94	91	0.000000
94	58	401256.781250
94	92	-631.479065
94	93	-3363.585693
94	82	101806.429688
94	94	8042107.000000
94	95	-160480.687500
94	96	488581.062500
94	99	719.880188
94	100	43192.812500
94	101	-100783.226562
94	110	1225.206421
94	111	1102.685791
94	112	442544.531250
94	113	-30875.201172
94	114	34305.777344
94	115	0.000000
94	116	1225.206421
94	117	122.520638
94	118	168098.312500
94	119	-30875.201172
94	120	308752.000000
94	121	0.000000
94	122	6055.381348
94	123	605.538147
94	124	1218342.750000
94	125	-16955.068359
94	126	169550.687500
95	65	401256.781250
95	58	28011.578125
95	66	25465.072266
95	61	909.466858
95	87	-509.032166
95	63	-1000.413513
95	83	-40722.574219
95	68	-0.000000
95	89	101806.429688
95	62	-0.000000
95	59	95675.914062
95	55	909.466858
95	57	90.946686
95	72	169550.687500
95	91	631.479065
95	60	-280115.781250
95	67	6055.381348
95	71	1218342.750000
95	92	-0.000000
95	69	605.538147
95	93	3363.585693
95	70	-16955.068359
95	94	-160480.687500
95	64	28011.578125
95	95	8042107.000000
95	96	488581.062500
95	99	-719.880188
95	100	-100783.226562
95	101	43192.812500
95	109	-1225.206421
95	110	-0.000000
95	111	-122.520638
95	112	-30875.201172
95	113	168098.312500
95	114	308752.000000
95	115	-1225.206421
95	117	-1102.685791
95	118	-30875.201172
95	119	442544.531250
95	120	34305.777344
95	121	-6055.381348
95	122	-0.000000
95	123	-605.538147
95	124	-16955.068359
95	125	1218342.750000
95	126	169550.687500
96	66	149152.562500
96	58	25465.072266
96	68	-605.538147
96	90	101806.429688
96	64	-280115.781250
96	91	3363.585693
96	70	169550.687500
96	72	-460209.000000
96	67	605.538147
96	60	149152.562500
96	55	-1000.413513
96	62	1000.413513
96	65	25465.072266
96	79	-509.032166
96	92	-3363.585693
96	61	90.946686
96	56	-90.946686
96	59	-280115.781250
96	71	169550.687500
96	94	488581.062500
96	84	101806.429688
96	95	488581.062500
96	86	509.032166
96	96	3793847.750000
96	97	-719.880188
96	98	719.880188
96	102	143976.031250
96	109	-1102.685791
96	110	122.520638
96	112	34305.777344
96	113	308752.000000
96	114	102917.335938
96	115	-122.520638
96	116	1102.685791
96	118	308752.000000
96	119	34305.777344
96	120	102917.335938
96	121	-605.538147
96	122	605.538147
96	124	169550.687500
96	125	169550.687500
96	126	-460209.000000
97	90	-719.880188
97	91	-941.886414
97	85	-941.886414
97	78	719.880188
97	92	-937.087219
97	80	937.087219
97	79	-941.886414
97	84	719.880188
97	74	-937.087219
97	86	937.087219
97	96	-719.880188
97	73	-941.886414
97	97	3769.242432
97	101	509.032166
97	102	-0.000000
97	127	-1.696774
97	131	509.032166
98	90	-719.880188
98	91	-937.087219
98	78	-719.880188
98	85	937.087219
98	92	-941.886414
98	74	-941.886414
98	80	-941.886414
98	86	-941.886414
98	79	937.087219
98	84	719.880188
98	73	-937.087219
98	96	719.880188
98	98	3769.242432
98	100	-509.032166
98	128	-1.696774
98	130	-509.032166
99	83	-719.880188
99	77	719.880188
99	88	719.880188
99	93	-4.799201
99	82	-719.880188
99	94	719.880188
99	75	-4.799201
99	81	-4.799201
99	95	-719.880188
99	87	-4.799201
99	76	-719.880188
99	89	719.880188
99	99	1347.831787
99	100	0.000000
99	129	-1328.635010
100	89	100783.226562
100	83	100783.226562
100	76	43192.812500
100	77	-100783.226562
100	93	-719.880188
100	82	43192.812500
100	94	43192.812500
100	75	719.880188
100	95	-100783.226562
100	88	43192.812500
100	87	-719.880188
100	81	719.880188
100	98	-509.032166
100	99	0.000000
100	100	894697.875000
100	128	509.032166
100	130	101806.429688
101	83	43192.812500
101	76	-100783.226562
101	81	719.880188
101	89	43192.812500
101	93	719.880188
101	82	100783.226562
101	94	-100783.226562
101	75	-719.880188
101	95	43192.812500
101	77	43192.812500
101	88	100783.226562
101	87	-719.880188
101	97	509.032166
101	101	894697.875000
101	127	-509.032166
101	131	101806.429688
102	91	719.880188
102	92	-719.880188
102	80	-719.880188
102	85	719.880188
102	74	719.880188
102	73	-719.880188
102	78	143976.031250
102	84	143976.031250
102	79	-719.880188
102	96	143976.031250
102	90	143976.031250
102	86	719.880188
102	97	-0.000000
102	102	1192530.875000
102	132	-40722.574219
103	76	0.000000
103	74	-38.770954
103	78	605.538147
103	75	-387.709534
103	77	-6055.381348
103	73	-58.955559
103	103	2731.000488
103	104	1208.442749
103	105	387.709534
103	106	-0.000000
103	107	-6055.381348
103	108	-689.196533
103	109	-1492.291626
103	115	-0.708008
103	120	-169.921875
103	127	-1179.045288
103	128	-1169.671753
103	132	-1124.812744
104	75	-387.709534
104	74	-58.955559
104	77	-0.000000
104	73	-38.770954
104	76	6055.381348
104	78	-605.538147
104	103	1208.442749
104	104	2731.000488
104	105	387.709534
104	106	6055.381348
104	107	0.000000
104	108	689.196533
104	110	-0.708008
104	114	169.921875
104	116	-1492.291626
104	127	-1169.671753
104	128	-1179.045288
104	132	1124.812744
105	75	-3897.280029
105	76	-605.538147
105	74	-387.709534
105	77	605.538147
105	73	-387.709534
105	103	387.709534
105	104	387.709534
105	105	3912.493652
105	106	1220.108032
105	107	-1220.108032
105	111	-2.920139
105	113	-700.833313
105	117	-2.920139
105	118	700.833313
105	129	-9.373440
105	130	1124.812744
105	131	-1124.812744
106	73	0.000000
106	77	-16955.068359
106	76	1218342.750000
106	74	-6055.381348
106	75	605.538147
106	78	-169550.687500
106	103	-0.000000
106	104	6055.381348
106	105	1220.108032
106	106	2891555.750000
106	107	-163353.265625
106	108	-193772.203125
106	112	-106.574997
106	117	-700.833313
106	118	112133.335938
106	129	-1124.812744
106	130	53991.015625
106	131	-125979.031250
107	74	-0.000000
107	75	-605.538147
107	76	-16955.068359
107	77	1218342.750000
107	73	6055.381348
107	78	-169550.687500
107	103	-6055.381348
107	104	0.000000
107	105	-1220.108032
107	106	-163353.265625
107	107	2891555.750000
107	108	-193772.203125
107	111	700.833313
107	113	112133.335938
107	119	-106.574997
107	129	1124.812744
107	130	-125979.031250
107	131	53991.015625
108	74	605.538147
108	73	-605.538147
108	76	-169550.687500
108	78	-460209.000000
108	77	-169550.687500
108	103	-689.196533
108	104	689.196533
108	106	-193772.203125
108	107	-193772.203125
108	108	1001563.687500
108	110	-169.921875
108	114	27187.500000
108	115	169.921875
108	120	27187.500000
108	127	1124.812744
108	128	-1124.812744
108	132	179970.046875
109	76	0.000000
109	82	-0.000000
109	91	-15.415606
109	84	605.538147
109	95	-1225.206421
109	79	-58.955559
109	96	-1102.685791
109	83	-6055.381348
109	92	-101.984268
109	81	387.709534
109	78	122.520638
109	75	-1019.842712
109	74	-101.984268
109	103	-1492.291626
109	73	-921.942444
109	77	-1225.206421
109	80	38.770954
109	93	113.315857
109	109	3668.358643
109	110	-1004.474243
109	111	518.817322
109	112	0.000000
109	113	-8505.793945
109	114	-1669.361572
109	121	-0.708008
109	126	-169.921875
109	127	-1179.045288
109	128	1169.671753
109	132	-1124.812744
110	78	-1102.685791
110	82	6055.381348
110	95	-0.000000
110	84	605.538147
110	81	-387.709534
110	91	-101.984268
110	76	1225.206421
110	96	122.520638
110	83	0.000000
110	80	-58.955559
110	79	38.770954
110	92	-921.942444
110	75	-113.315857
110	104	-0.708008
110	73	-101.984268
110	93	1019.842712
110	108	-169.921875
110	109	-1004.474243
110	94	1225.206421
110	74	-15.415606
110	110	3668.358643
110	111	-518.817322
110	112	8505.793945
110	113	-0.000000
110	114	-1669.361572
110	122	-1492.291626
110	127	1169.671753
110	128	-1179.045288
110	132	-1124.812744
111	95	-122.520638
111	79	387.709534
111	75	-1137.242554
111	76	-122.520638
111	91	113.315857
111	74	-113.315857
111	73	-1019.842712
111	80	-387.709534
111	83	-605.538147
111	81	-3897.280029
111	92	1019.842712
111	105	-2.920139
111	107	700.833313
111	82	-605.538147
111	109	518.817322
111	94	1102.685791
111	93	-1137.242554
111	110	-518.817322
111	77	1102.685791
111	111	6186.979004
111	112	2200.273193
111	113	2200.273193
111	123	-2.920139
111	124	700.833313
111	129	-9.373440
111	130	1124.812744
111	131	1124.812744
112	78	-308752.000000
112	82	1218342.750000
112	81	605.538147
112	96	34305.777344
112	76	168098.312500
112	74	-1225.206421
112	75	122.520638
112	79	-0.000000
112	77	-30875.201172
112	95	-30875.201172
112	92	-1225.206421
112	73	0.000000
112	80	-6055.381348
112	106	-106.574997
112	84	169550.687500
112	83	16955.068359
112	109	0.000000
112	94	442544.531250
112	110	8505.793945
112	111	2200.273193
112	93	-1102.685791
112	112	4353962.000000
112	113	92781.375000
112	114	-119880.625000
112	123	-700.833313
112	124	112133.335938
112	129	-1124.812744
112	130	53991.015625
112	131	125979.031250
113	76	-30875.201172
113	82	16955.068359
113	91	1225.206421
113	93	122.520638
113	78	-34305.777344
113	77	442544.531250
113	81	605.538147
113	75	-1102.685791
113	105	-700.833313
113	92	-0.000000
113	84	-169550.687500
113	80	0.000000
113	73	1225.206421
113	107	112133.335938
113	95	168098.312500
113	83	1218342.750000
113	109	-8505.793945
113	79	6055.381348
113	94	-30875.201172
113	110	-0.000000
113	111	2200.273193
113	112	92781.375000
113	96	308752.000000
113	113	4353962.000000
113	114	119880.625000
113	125	-106.574997
113	129	-1124.812744
113	130	125979.031250
113	131	53991.015625
114	79	-605.538147
114	91	1102.685791
114	74	1102.685791
114	77	-34305.777344
114	104	169.921875
114	84	-460209.000000
114	92	-122.520638
114	73	-122.520638
114	76	-308752.000000
114	78	102917.335938
114	108	27187.500000
114	95	308752.000000
114	109	-1669.361572
114	83	-169550.687500
114	94	34305.777344
114	80	-605.538147
114	110	-1669.361572
114	82	169550.687500
114	112	-119880.625000
114	96	102917.335938
114	113	119880.625000
114	114	2001332.125000
114	121	169.921875
114	126	27187.500000
114	127	1124.812744
114	128	1124.812744
114	132	179970.046875
115	78	1102.685791
115	103	-0.708008
115	96	-122.520638
115	93	1019.842712
115	77	-1225.206421
115	92	-101.984268
115	91	-921.942444
115	86	38.770954
115	74	-101.984268
115	73	-15.415606
115	89	-6055.381348
115	108	169.921875
115	75	-113.315857
115	95	-1225.206421
115	88	-0.000000
115	94	0.000000
115	87	-387.709534
115	90	-605.538147
115	85	-58.955559
115	115	3668.358643
115	116	-1004.474243
115	117	-518.817322
115	118	0.000000
115	119	-8505.793945
115	120	1669.361572
115	121	-1492.291626
115	127	-1179.045288
115	128	1169.671753
115	132	1124.812744
116	76	1225.206421
116	104	-1492.291626
116	87	387.709534
116	93	113.315857
116	94	1225.206421
116	92	-15.415606
116	90	-605.538147
116	78	-122.520638
116	91	-101.984268
116	73	-101.984268
116	85	38.770954
116	74	-921.942444
116	77	-0.000000
116	96	1102.685791
116	88	6055.381348
116	86	-58.955559
116	115	-1004.474243
116	75	-1019.842712
116	89	0.000000
116	116	3668.358643
116	117	518.817322
116	118	8505.793945
116	119	-0.000000
116	120	1669.361572
116	122	-0.708008
116	126	169.921875
116	127	1169.671753
116	128	-1179.045288
116	132	1124.812744
117	77	122.520638
117	106	-700.833313
117	76	-1102.685791
117	74	-1019.842712
117	75	-1137.242554
117	93	-1137.242554
117	92	113.315857
117	85	-387.709534
117	89	605.538147
117	95	-1102.685791
117	73	-113.315857
117	94	122.520638
117	88	605.538147
117	115	-518.817322
117	86	387.709534
117	91	1019.842712
117	116	518.817322
117	105	-2.920139
117	87	-3897.280029
117	117	6186.979004
117	118	-2200.273193
117	119	-2200.273193
117	123	-2.920139
117	125	-700.833313
117	129	-9.373440
117	130	-1124.812744
117	131	-1124.812744
118	76	442544.531250
118	85	-0.000000
118	93	-122.520638
118	75	1102.685791
118	90	-169550.687500
118	96	308752.000000
118	74	-1225.206421
118	86	-6055.381348
118	95	-30875.201172
118	94	168098.312500
118	89	16955.068359
118	92	-1225.206421
118	106	112133.335938
118	78	-34305.777344
118	87	-605.538147
118	115	0.000000
118	116	8505.793945
118	88	1218342.750000
118	77	-30875.201172
118	105	700.833313
118	117	-2200.273193
118	91	0.000000
118	118	4353962.000000
118	119	92781.375000
118	120	119880.625000
118	124	-106.574997
118	129	1124.812744
118	130	53991.015625
118	131	125979.031250
119	87	-605.538147
119	89	1218342.750000
119	107	-106.574997
119	95	442544.531250
119	88	16955.068359
119	91	1225.206421
119	75	-122.520638
119	74	-0.000000
119	85	6055.381348
119	73	1225.206421
119	115	-8505.793945
119	96	34305.777344
119	76	-30875.201172
119	116	-0.000000
119	86	0.000000
119	93	1102.685791
119	117	-2200.273193
119	90	169550.687500
119	77	168098.312500
119	94	-30875.201172
119	118	92781.375000
119	78	-308752.000000
119	119	4353962.000000
119	120	-119880.625000
119	123	700.833313
119	125	112133.335938
119	129	1124.812744
119	130	125979.031250
119	131	53991.015625
120	89	169550.687500
120	86	605.538147
120	95	34305.777344
120	73	-1102.685791
120	90	-460209.000000
120	78	102917.335938
120	74	122.520638
120	108	27187.500000
120	94	308752.000000
120	88	-169550.687500
120	115	1669.361572
120	92	-1102.685791
120	96	102917.335938
120	76	-34305.777344
120	116	1669.361572
120	77	-308752.000000
120	103	-169.921875
120	91	122.520638
120	118	119880.625000
120	85	605.538147
120	119	-119880.625000
120	120	2001332.125000
120	122	-169.921875
120	126	27187.500000
120	127	-1124.812744
120	128	-1124.812744
120	132	179970.046875
121	114	169.921875
121	92	-38.770954
121	115	-1492.291626
121	91	-58.955559
121	94	0.000000
121	93	387.709534
121	109	-0.708008
121	96	-605.538147
121	95	-6055.381348
121	121	2731.000488
121	122	1208.442749
121	123	-387.709534
121	124	-0.000000
121	125	-6055.381348
121	126	689.196533
121	127	-1179.045288
121	128	-1169.671753
121	132	1124.812744
122	95	-0.000000
122	116	-0.708008
122	96	605.538147
122	91	-38.770954
122	92	-58.955559
122	110	-1492.291626
122	94	6055.381348
122	120	-169.921875
122	93	387.709534
122	121	1208.442749
122	122	2731.000488
122	123	-387.709534
122	124	6055.381348
122	125	0.000000
122	126	-689.196533
122	127	-1169.671753
122	128	-1179.045288
122	132	-1124.812744
123	117	-2.920139
123	93	-3897.280029
123	94	605.538147
123	119	700.833313
123	112	-700.833313
123	121	-387.709534
123	92	387.709534
123	122	-387.709534
123	91	387.709534
123	95	-605.538147
123	111	-2.920139
123	123	3912.493652
123	124	-1220.108032
123	125	1220.108032
123	129	-9.373440
123	130	-1124.812744
123	131	1124.812744
124	93	-605.538147
124	91	0.000000
124	111	700.833313
124	118	-106.574997
124	96	169550.687500
124	95	-16955.068359
124	112	112133.335938
124	121	-0.000000
124	122	6055.381348
124	94	1218342.750000
124	92	-6055.381348
124	123	-1220.108032
124	124	2891555.750000
124	125	-163353.265625
124	126	193772.203125
124	129	1124.812744
124	130	53991.015625
124	131	-125979.031250
125	94	-16955.068359
125	117	-700.833313
125	91	6055.381348
125	119	112133.335938
125	96	169550.687500
125	113	-106.574997
125	121	-6055.381348
125	122	0.000000
125	123	1220.108032
125	93	605.538147
125	124	-163353.265625
125	92	-0.000000
125	95	1218342.750000
125	125	2891555.750000
125	126	193772.203125
125	129	-1124.812744
125	130	-125979.031250
125	131	53991.015625
126	116	169.921875
126	94	169550.687500
126	92	-605.538147
126	120	27187.500000
126	121	689.196533
126	109	-169.921875
126	122	-689.196533
126	96	-460209.000000
126	95	169550.687500
126	124	193772.203125
126	114	27187.500000
126	91	605.538147
126	125	193772.203125
126	126	1001563.687500
126	127	-1124.812744
126	128	1124.812744
126	132	179970.046875
127	101	-509.032166
127	120	-1124.812744
127	109	-1179.045288
127	97	-1.696774
127	115	-1179.045288
127	116	1169.671753
127	114	1124.812744
127	121	-1179.045288
127	122	-1169.671753
127	103	-1179.045288
127	108	1124.812744
127	104	-1169.671753
127	110	1169.671753
127	126	-1124.812744
127	127	4717.877930
127	131	-509.032166
127	132	-0.000000
128	109	1169.671753
128	110	-1179.045288
128	121	-1169.671753
128	100	509.032166
128	115	1169.671753
128	116	-1179.045288
128	98	-1.696774
128	120	-1124.812744
128	122	-1179.045288
128	103	-1169.671753
128	114	1124.812744
128	108	-1124.812744
128	126	1124.812744
128	104	-1179.045288
128	128	4717.877930
128	130	509.032166
129	107	1124.812744
129	111	-9.373440
129	123	-9.373440
129	117	-9.373440
129	124	1124.812744
129	99	-1328.635010
129	119	1124.812744
129	125	-1124.812744
129	112	-1124.812744
129	118	1124.812744
129	106	-1124.812744
129	113	-1124.812744
129	105	-9.373440
129	129	1366.128784
129	130	0.000000
130	123	-1124.812744
130	105	1124.812744
130	100	101806.429688
130	107	-125979.031250
130	124	53991.015625
130	117	-1124.812744
130	125	-125979.031250
130	113	125979.031250
130	111	1124.812744
130	119	125979.031250
130	118	53991.015625
130	112	53991.015625
130	98	-509.032166
130	128	509.032166
130	106	53991.015625
130	129	0.000000
130	130	1067469.125000
131	113	53991.015625
131	123	1124.812744
131	106	-125979.031250
131	97	509.032166
131	125	53991.015625
131	101	101806.429688
131	112	125979.031250
131	119	53991.015625
131	127	-509.032166
131	118	125979.031250
131	107	53991.015625
131	105	-1124.812744
131	111	1124.812744
131	117	-1124.812744
131	124	-125979.031250
131	131	1067469.125000
132	110	-1124.812744
132	114	179970.046875
132	121	1124.812744
132	122	-1124.812744
132	127	-0.000000
132	102	-40722.574219
132	104	1124.812744
132	108	179970.046875
132	116	1124.812744
132	120	179970.046875
132	115	1124.812744
132	103	-1124.812744
132	109	-1124.812744
132	126	179970.046875
132	132	1480483.000000
