153	153	2423
1	1	314313.937500
1	4	-86857.867188
1	5	56340.242188
1	7	-35149.546875
1	8	93732.125000
1	9	-35149.546875
1	10	-35149.546875
1	11	-93732.125000
1	12	35149.546875
1	13	-86857.867188
1	14	-56340.242188
1	16	-35149.546875
1	17	-93732.125000
1	18	-35149.546875
1	19	-35149.546875
1	20	93732.125000
1	21	35149.546875
2	2	1072899.375000
2	3	0.000000
2	4	56340.242188
2	5	-36545.019531
2	7	93732.125000
2	8	-249952.328125
2	9	93732.125000
2	10	-93732.125000
2	11	-249952.328125
2	12	93732.125000
2	13	-56340.242188
2	14	-36545.019531
2	16	-93732.125000
2	17	-249952.328125
2	18	-93732.125000
2	19	93732.125000
2	20	-249952.328125
2	21	-93732.125000
3	2	0.000000
3	3	140598.187500
3	7	-35149.546875
3	8	93732.125000
3	9	-35149.546875
3	10	35149.546875
3	11	93732.125000
3	12	-35149.546875
3	16	-35149.546875
3	17	-93732.125000
3	18	-35149.546875
3	19	35149.546875
3	20	-93732.125000
3	21	-35149.546875
4	1	-86857.867188
4	2	56340.242188
4	4	569453.812500
4	5	-56340.242188
4	7	-241297.968750
4	9	77560.062500
4	19	-241297.968750
4	21	-77560.062500
5	2	-36545.019531
5	1	56340.242188
5	4	-56340.242188
5	5	36545.019531
6	6	49860.039062
6	7	77560.062500
6	9	-24930.019531
6	19	-77560.062500
6	21	-24930.019531
7	3	-35149.546875
7	1	-35149.546875
7	2	93732.125000
7	4	-241297.968750
7	6	77560.062500
7	7	830285.625000
7	8	11901.725586
7	9	-42410.515625
7	10	-435000.000000
7	25	-118838.078125
7	26	-105633.851562
8	2	-249952.328125
8	1	93732.125000
8	3	93732.125000
8	7	11901.725586
8	8	1609829.125000
8	9	11901.725586
8	23	-1172083.375000
8	25	-105633.851562
8	26	-93896.757812
8	32	-93896.757812
8	33	-105633.851562
9	4	77560.062500
9	6	-24930.019531
9	7	-42410.515625
9	3	-35149.546875
9	1	-35149.546875
9	8	11901.725586
9	2	93732.125000
9	9	560213.937500
9	21	-381296.281250
9	32	-105633.851562
9	33	-118838.078125
10	7	-435000.000000
10	3	35149.546875
10	1	-35149.546875
10	2	-93732.125000
10	10	965094.187500
10	11	-11901.725586
10	12	-92398.085938
10	13	-241297.968750
10	15	-77560.062500
10	19	-134808.593750
10	21	134808.593750
10	22	-118838.078125
10	23	105633.851562
11	3	93732.125000
11	2	-249952.328125
11	1	-93732.125000
11	10	-11901.725586
11	11	1609829.125000
11	12	11901.725586
11	22	105633.851562
11	23	-93896.757812
11	26	-1172083.375000
11	29	-93896.757812
11	30	-105633.851562
12	2	93732.125000
12	3	-35149.546875
12	1	35149.546875
12	10	-92398.085938
12	11	11901.725586
12	12	695022.562500
12	13	-77560.062500
12	15	-24930.019531
12	18	-381296.281250
12	19	134808.593750
12	21	-134808.593750
12	29	-105633.851562
12	30	-118838.078125
13	2	-56340.242188
13	10	-241297.968750
13	1	-86857.867188
13	12	-77560.062500
13	13	569453.812500
13	14	56340.242188
13	16	-241297.968750
13	18	77560.062500
14	1	-56340.242188
14	2	-36545.019531
14	13	56340.242188
14	14	36545.019531
15	10	-77560.062500
15	12	-24930.019531
15	15	49860.039062
15	16	77560.062500
15	18	-24930.019531
16	1	-35149.546875
16	2	-93732.125000
16	3	-35149.546875
16	13	-241297.968750
16	15	77560.062500
16	16	830285.625000
16	17	-11901.725586
16	18	-42410.515625
16	19	-435000.000000
16	31	-118838.078125
16	32	105633.851562
17	2	-249952.328125
17	3	-93732.125000
17	1	-93732.125000
17	16	-11901.725586
17	17	1609829.125000
17	18	-11901.725586
17	26	-93896.757812
17	27	105633.851562
17	29	-1172083.375000
17	31	105633.851562
17	32	-93896.757812
18	12	-381296.281250
18	3	-35149.546875
18	13	77560.062500
18	2	-93732.125000
18	1	-35149.546875
18	15	-24930.019531
18	16	-42410.515625
18	17	-11901.725586
18	18	560213.937500
18	26	105633.851562
18	27	-118838.078125
19	1	-35149.546875
19	3	35149.546875
19	6	-77560.062500
19	16	-435000.000000
19	2	93732.125000
19	10	-134808.593750
19	12	134808.593750
19	4	-241297.968750
19	19	965094.187500
19	20	11901.725586
19	21	-92398.085938
19	28	-118838.078125
19	29	-105633.851562
20	3	-93732.125000
20	2	-249952.328125
20	1	93732.125000
20	19	11901.725586
20	20	1609829.125000
20	21	-11901.725586
20	23	-93896.757812
20	24	105633.851562
20	28	-105633.851562
20	29	-93896.757812
20	32	-1172083.375000
21	2	-93732.125000
21	6	-24930.019531
21	10	134808.593750
21	12	-134808.593750
21	9	-381296.281250
21	19	-92398.085938
21	1	35149.546875
21	20	-11901.725586
21	3	-35149.546875
21	4	-77560.062500
21	21	695022.562500
21	23	105633.851562
21	24	-118838.078125
22	11	105633.851562
22	10	-118838.078125
22	22	291023.000000
22	23	-23709.710938
22	24	-13336.712891
22	34	-53346.851562
22	35	23709.710938
22	36	13336.712891
22	40	-118838.078125
22	41	-105633.851562
23	11	-93896.757812
23	20	-93896.757812
23	10	105633.851562
23	21	105633.851562
23	22	-23709.710938
23	8	-1172083.375000
23	23	2730291.250000
23	24	5927.427734
23	34	23709.710938
23	35	-10537.649414
23	36	-5927.427734
23	38	-1172083.375000
23	40	-105633.851562
23	41	-93896.757812
23	50	-93896.757812
23	51	-105633.851562
24	21	-118838.078125
24	22	-13336.712891
24	23	5927.427734
24	20	105633.851562
24	24	241010.343750
24	34	13336.712891
24	35	-5927.427734
24	36	-3334.178223
24	50	-105633.851562
24	51	-118838.078125
25	8	-105633.851562
25	7	-118838.078125
25	25	291023.000000
25	26	23709.710938
25	27	13336.712891
25	37	-118838.078125
25	38	105633.851562
25	43	-53346.851562
25	44	-23709.710938
25	45	-13336.712891
26	11	-1172083.375000
26	17	-93896.757812
26	7	-105633.851562
26	25	23709.710938
26	8	-93896.757812
26	18	105633.851562
26	26	2730291.250000
26	27	5927.427734
26	37	105633.851562
26	38	-93896.757812
26	41	-1172083.375000
26	43	-23709.710938
26	44	-10537.649414
26	45	-5927.427734
26	47	-93896.757812
26	48	-105633.851562
27	17	105633.851562
27	25	13336.712891
27	26	5927.427734
27	18	-118838.078125
27	27	241010.343750
27	43	-13336.712891
27	44	-5927.427734
27	45	-3334.178223
27	47	-105633.851562
27	48	-118838.078125
28	19	-118838.078125
28	20	-105633.851562
28	28	291023.000000
28	29	23709.710938
28	30	-13336.712891
28	43	-53346.851562
28	44	-23709.710938
28	45	13336.712891
28	49	-118838.078125
28	50	105633.851562
29	20	-93896.757812
29	12	-105633.851562
29	19	-105633.851562
29	28	23709.710938
29	17	-1172083.375000
29	11	-93896.757812
29	29	2730291.250000
29	30	-5927.427734
29	41	-93896.757812
29	42	105633.851562
29	43	-23709.710938
29	44	-10537.649414
29	45	5927.427734
29	47	-1172083.375000
29	49	105633.851562
29	50	-93896.757812
30	11	-105633.851562
30	28	-13336.712891
30	29	-5927.427734
30	12	-118838.078125
30	30	241010.343750
30	41	105633.851562
30	42	-118838.078125
30	43	13336.712891
30	44	5927.427734
30	45	-3334.178223
31	17	105633.851562
31	16	-118838.078125
31	31	291023.000000
31	32	-23709.710938
31	33	13336.712891
31	34	-53346.851562
31	35	23709.710938
31	36	-13336.712891
31	46	-118838.078125
31	47	-105633.851562
32	9	-105633.851562
32	16	105633.851562
32	8	-93896.757812
32	20	-1172083.375000
32	31	-23709.710938
32	17	-93896.757812
32	32	2730291.250000
32	33	-5927.427734
32	34	23709.710938
32	35	-10537.649414
32	36	5927.427734
32	38	-93896.757812
32	39	105633.851562
32	46	-105633.851562
32	47	-93896.757812
32	50	-1172083.375000
33	8	-105633.851562
33	31	13336.712891
33	32	-5927.427734
33	9	-118838.078125
33	33	241010.343750
33	34	-13336.712891
33	35	5927.427734
33	36	-3334.178223
33	38	105633.851562
33	39	-118838.078125
34	31	-53346.851562
34	24	13336.712891
34	32	23709.710938
34	22	-53346.851562
34	33	-13336.712891
34	23	23709.710938
34	34	503881.468750
34	35	-47419.421875
34	37	-198593.875000
34	39	49648.468750
34	49	-198593.875000
34	51	-49648.468750
35	23	-10537.649414
35	24	-5927.427734
35	31	23709.710938
35	32	-10537.649414
35	22	23709.710938
35	33	5927.427734
35	34	-47419.421875
35	35	21075.298828
36	23	-5927.427734
36	31	-13336.712891
36	32	5927.427734
36	24	-3334.178223
36	33	-3334.178223
36	22	13336.712891
36	36	31492.591797
36	37	49648.468750
36	39	-12412.117188
36	49	-49648.468750
36	51	-12412.117188
37	26	105633.851562
37	25	-118838.078125
37	34	-198593.875000
37	36	49648.468750
37	37	934052.437500
37	38	55806.562500
37	39	-49648.468750
37	40	-435000.000000
37	55	-181620.468750
37	56	-161440.406250
38	32	-93896.757812
38	23	-1172083.375000
38	25	105633.851562
38	33	105633.851562
38	26	-93896.757812
38	37	55806.562500
38	38	2818965.250000
38	39	55806.562500
38	53	-1172083.375000
38	55	-161440.406250
38	56	-143502.593750
38	62	-143502.593750
38	63	-161440.406250
39	33	-118838.078125
39	34	49648.468750
39	36	-12412.117188
39	37	-49648.468750
39	38	55806.562500
39	32	105633.851562
39	39	694166.937500
39	51	-381296.281250
39	62	-161440.406250
39	63	-181620.468750
40	22	-118838.078125
40	37	-435000.000000
40	23	-105633.851562
40	40	1068861.000000
40	41	-55806.562500
40	42	-85160.132812
40	43	-198593.875000
40	45	-49648.468750
40	49	-134808.593750
40	51	134808.593750
40	52	-181620.468750
40	53	161440.406250
41	23	-93896.757812
41	22	-105633.851562
41	30	105633.851562
41	40	-55806.562500
41	29	-93896.757812
41	26	-1172083.375000
41	41	2818965.250000
41	42	55806.562500
41	52	161440.406250
41	53	-143502.593750
41	56	-1172083.375000
41	59	-143502.593750
41	60	-161440.406250
42	40	-85160.132812
42	29	105633.851562
42	41	55806.562500
42	30	-118838.078125
42	42	828975.562500
42	43	-49648.468750
42	45	-12412.117188
42	48	-381296.281250
42	49	134808.593750
42	51	-134808.593750
42	59	-161440.406250
42	60	-181620.468750
43	27	-13336.712891
43	26	-23709.710938
43	29	-23709.710938
43	25	-53346.851562
43	40	-198593.875000
43	28	-53346.851562
43	42	-49648.468750
43	30	13336.712891
43	43	503881.468750
43	44	47419.421875
43	46	-198593.875000
43	48	49648.468750
44	28	-23709.710938
44	25	-23709.710938
44	29	-10537.649414
44	26	-10537.649414
44	27	-5927.427734
44	43	47419.421875
44	30	5927.427734
44	44	21075.298828
45	29	5927.427734
45	40	-49648.468750
45	26	-5927.427734
45	30	-3334.178223
45	28	13336.712891
45	42	-12412.117188
45	27	-3334.178223
45	25	-13336.712891
45	45	31492.591797
45	46	49648.468750
45	48	-12412.117188
46	32	-105633.851562
46	31	-118838.078125
46	43	-198593.875000
46	45	49648.468750
46	46	934052.437500
46	47	-55806.562500
46	48	-49648.468750
46	49	-435000.000000
46	61	-181620.468750
46	62	161440.406250
47	26	-93896.757812
47	27	-105633.851562
47	31	-105633.851562
47	32	-93896.757812
47	29	-1172083.375000
47	46	-55806.562500
47	47	2818965.250000
47	48	-55806.562500
47	56	-143502.593750
47	57	161440.406250
47	59	-1172083.375000
47	61	161440.406250
47	62	-143502.593750
48	42	-381296.281250
48	43	49648.468750
48	27	-118838.078125
48	45	-12412.117188
48	46	-49648.468750
48	26	-105633.851562
48	47	-55806.562500
48	48	694166.937500
48	56	161440.406250
48	57	-181620.468750
49	40	-134808.593750
49	36	-49648.468750
49	28	-118838.078125
49	46	-435000.000000
49	42	134808.593750
49	34	-198593.875000
49	29	105633.851562
49	49	1068861.000000
49	50	55806.562500
49	51	-85160.132812
49	58	-181620.468750
49	59	-161440.406250
50	24	-105633.851562
50	29	-93896.757812
50	28	105633.851562
50	32	-1172083.375000
50	23	-93896.757812
50	49	55806.562500
50	50	2818965.250000
50	51	-55806.562500
50	53	-143502.593750
50	54	161440.406250
50	58	-161440.406250
50	59	-143502.593750
50	62	-1172083.375000
51	24	-118838.078125
51	36	-12412.117188
51	39	-381296.281250
51	42	-134808.593750
51	23	-105633.851562
51	34	-49648.468750
51	49	-85160.132812
51	40	134808.593750
51	50	-55806.562500
51	51	828975.562500
51	53	161440.406250
51	54	-181620.468750
52	41	161440.406250
52	40	-181620.468750
52	52	419981.093750
52	53	-32422.958984
52	54	-18237.914062
52	64	-56740.179688
52	65	32422.958984
52	66	18237.914062
52	70	-181620.468750
52	71	-161440.406250
53	50	-143502.593750
53	38	-1172083.375000
53	41	-143502.593750
53	40	161440.406250
53	51	161440.406250
53	52	-32422.958984
53	53	2936704.500000
53	54	10421.666016
53	64	32422.958984
53	65	-18527.406250
53	66	-10421.666016
53	68	-1172083.375000
53	70	-161440.406250
53	71	-143502.593750
53	80	-143502.593750
53	81	-161440.406250
54	51	-181620.468750
54	52	-18237.914062
54	53	10421.666016
54	50	161440.406250
54	54	369103.125000
54	64	18237.914062
54	65	-10421.666016
54	66	-5862.187012
54	80	-161440.406250
54	81	-181620.468750
55	38	-161440.406250
55	37	-181620.468750
55	55	419981.093750
55	56	32422.958984
55	57	18237.914062
55	67	-181620.468750
55	68	161440.406250
55	73	-56740.179688
55	74	-32422.958984
55	75	-18237.914062
56	37	-161440.406250
56	38	-143502.593750
56	47	-143502.593750
56	55	32422.958984
56	48	161440.406250
56	41	-1172083.375000
56	56	2936704.500000
56	57	10421.666016
56	67	161440.406250
56	68	-143502.593750
56	71	-1172083.375000
56	73	-32422.958984
56	74	-18527.406250
56	75	-10421.666016
56	77	-143502.593750
56	78	-161440.406250
57	55	18237.914062
57	56	10421.666016
57	47	161440.406250
57	48	-181620.468750
57	57	369103.125000
57	73	-18237.914062
57	74	-10421.666016
57	75	-5862.187012
57	77	-161440.406250
57	78	-181620.468750
58	49	-181620.468750
58	50	-161440.406250
58	58	419981.093750
58	59	32422.958984
58	60	-18237.914062
58	73	-56740.179688
58	74	-32422.958984
58	75	18237.914062
58	79	-181620.468750
58	80	161440.406250
59	50	-143502.593750
59	49	-161440.406250
59	41	-143502.593750
59	58	32422.958984
59	47	-1172083.375000
59	42	-161440.406250
59	59	2936704.500000
59	60	-10421.666016
59	71	-143502.593750
59	72	161440.406250
59	73	-32422.958984
59	74	-18527.406250
59	75	10421.666016
59	77	-1172083.375000
59	79	161440.406250
59	80	-143502.593750
60	58	-18237.914062
60	41	-161440.406250
60	59	-10421.666016
60	42	-181620.468750
60	60	369103.125000
60	71	161440.406250
60	72	-181620.468750
60	73	18237.914062
60	74	10421.666016
60	75	-5862.187012
61	46	-181620.468750
61	47	161440.406250
61	61	419981.093750
61	62	-32422.958984
61	63	18237.914062
61	64	-56740.179688
61	65	32422.958984
61	66	-18237.914062
61	76	-181620.468750
61	77	-161440.406250
62	46	161440.406250
62	39	-161440.406250
62	50	-1172083.375000
62	61	-32422.958984
62	38	-143502.593750
62	47	-143502.593750
62	62	2936704.500000
62	63	-10421.666016
62	64	32422.958984
62	65	-18527.406250
62	66	10421.666016
62	68	-143502.593750
62	69	161440.406250
62	76	-161440.406250
62	77	-143502.593750
62	80	-1172083.375000
63	38	-161440.406250
63	61	18237.914062
63	62	-10421.666016
63	39	-181620.468750
63	63	369103.125000
63	64	-18237.914062
63	65	10421.666016
63	66	-5862.187012
63	68	161440.406250
63	69	-181620.468750
64	61	-56740.179688
64	54	18237.914062
64	62	32422.958984
64	63	-18237.914062
64	52	-56740.179688
64	53	32422.958984
64	64	596076.312500
64	65	-64845.917969
64	67	-241297.968750
64	69	77560.062500
64	79	-241297.968750
64	81	-77560.062500
65	53	-18527.406250
65	54	-10421.666016
65	61	32422.958984
65	62	-18527.406250
65	52	32422.958984
65	63	10421.666016
65	64	-64845.917969
65	65	37054.812500
66	61	-18237.914062
66	53	-10421.666016
66	62	10421.666016
66	54	-5862.187012
66	63	-5862.187012
66	52	18237.914062
66	66	61584.414062
66	67	77560.062500
66	69	-24930.019531
66	79	-77560.062500
66	81	-24930.019531
67	55	-181620.468750
67	56	161440.406250
67	64	-241297.968750
67	66	77560.062500
67	67	992141.187500
67	68	-231242.375000
67	69	-86142.289062
67	70	-435000.000000
67	82	-21563.519531
67	83	176152.687500
67	84	-21563.519531
67	85	-110605.171875
67	86	-123130.515625
67	87	15072.873047
67	91	-2054.076660
67	92	16779.781250
67	93	15072.873047
68	62	-143502.593750
68	53	-1172083.375000
68	55	161440.406250
68	63	161440.406250
68	56	-143502.593750
68	67	-231242.375000
68	68	3172230.750000
68	69	-231242.375000
68	82	176152.687500
68	83	-1438993.750000
68	84	176152.687500
68	85	-123130.515625
68	86	-137074.281250
68	87	16779.781250
68	91	16779.781250
68	92	-137074.281250
68	93	-123130.515625
69	63	-181620.468750
69	64	77560.062500
69	66	-24930.019531
69	62	161440.406250
69	67	-86142.289062
69	68	-231242.375000
69	69	722069.562500
69	81	-381296.281250
69	82	-21563.519531
69	83	176152.687500
69	84	-21563.519531
69	85	15072.873047
69	86	16779.781250
69	87	-2054.076660
69	91	15072.873047
69	92	-123130.515625
69	93	-110605.171875
70	67	-435000.000000
70	52	-181620.468750
70	53	-161440.406250
70	70	1126949.750000
70	71	231242.375000
70	72	-48666.308594
70	73	-241297.968750
70	75	-77560.062500
70	79	-134808.593750
70	81	134808.593750
70	82	-110605.171875
70	83	123130.515625
70	84	-15072.873047
70	85	-21563.519531
70	86	-176152.687500
70	87	21563.519531
70	88	-2054.076660
70	89	-16779.781250
70	90	-15072.873047
71	59	-143502.593750
71	60	161440.406250
71	56	-1172083.375000
71	52	-161440.406250
71	53	-143502.593750
71	70	231242.375000
71	71	3172230.750000
71	72	-231242.375000
71	82	123130.515625
71	83	-137074.281250
71	84	16779.781250
71	85	-176152.687500
71	86	-1438993.750000
71	87	176152.687500
71	88	-16779.781250
71	89	-137074.281250
71	90	-123130.515625
72	70	-48666.308594
72	71	-231242.375000
72	59	161440.406250
72	60	-181620.468750
72	72	856878.125000
72	73	-77560.062500
72	75	-24930.019531
72	78	-381296.281250
72	79	134808.593750
72	81	-134808.593750
72	82	-15072.873047
72	83	16779.781250
72	84	-2054.076660
72	85	21563.519531
72	86	176152.687500
72	87	-21563.519531
72	88	-15072.873047
72	89	-123130.515625
72	90	-110605.171875
73	60	18237.914062
73	56	-32422.958984
73	70	-241297.968750
73	59	-32422.958984
73	55	-56740.179688
73	58	-56740.179688
73	72	-77560.062500
73	57	-18237.914062
73	73	596076.312500
73	74	64845.917969
73	76	-241297.968750
73	78	77560.062500
74	60	10421.666016
74	55	-32422.958984
74	59	-18527.406250
74	57	-10421.666016
74	58	-32422.958984
74	56	-18527.406250
74	73	64845.917969
74	74	37054.812500
75	57	-5862.187012
75	59	10421.666016
75	56	-10421.666016
75	70	-77560.062500
75	58	18237.914062
75	60	-5862.187012
75	72	-24930.019531
75	55	-18237.914062
75	75	61584.414062
75	76	77560.062500
75	78	-24930.019531
76	61	-181620.468750
76	62	-161440.406250
76	73	-241297.968750
76	75	77560.062500
76	76	992141.187500
76	77	231242.375000
76	78	-86142.289062
76	79	-435000.000000
76	85	-2054.076660
76	86	-16779.781250
76	87	15072.873047
76	88	-21563.519531
76	89	-176152.687500
76	90	-21563.519531
76	91	-110605.171875
76	92	123130.515625
76	93	15072.873047
77	59	-1172083.375000
77	61	-161440.406250
77	62	-143502.593750
77	56	-143502.593750
77	76	231242.375000
77	57	-161440.406250
77	77	3172230.750000
77	78	231242.375000
77	85	-16779.781250
77	86	-137074.281250
77	87	123130.515625
77	88	-176152.687500
77	89	-1438993.750000
77	90	-176152.687500
77	91	123130.515625
77	92	-137074.281250
77	93	-16779.781250
78	72	-381296.281250
78	56	-161440.406250
78	73	77560.062500
78	75	-24930.019531
78	76	-86142.289062
78	57	-181620.468750
78	77	231242.375000
78	78	722069.562500
78	85	15072.873047
78	86	123130.515625
78	87	-110605.171875
78	88	-21563.519531
78	89	-176152.687500
78	90	-21563.519531
78	91	15072.873047
78	92	-16779.781250
78	93	-2054.076660
79	72	134808.593750
79	64	-241297.968750
79	66	-77560.062500
79	70	-134808.593750
79	76	-435000.000000
79	58	-181620.468750
79	59	161440.406250
79	79	1126949.750000
79	80	-231242.375000
79	81	-48666.308594
79	82	-2054.076660
79	83	16779.781250
79	84	-15072.873047
79	88	-110605.171875
79	89	-123130.515625
79	90	-15072.873047
79	91	-21563.519531
79	92	176152.687500
79	93	21563.519531
80	58	161440.406250
80	54	-161440.406250
80	59	-143502.593750
80	62	-1172083.375000
80	53	-143502.593750
80	79	-231242.375000
80	80	3172230.750000
80	81	231242.375000
80	82	16779.781250
80	83	-137074.281250
80	84	123130.515625
80	88	-123130.515625
80	89	-137074.281250
80	90	-16779.781250
80	91	176152.687500
80	92	-1438993.750000
80	93	-176152.687500
81	69	-381296.281250
81	54	-181620.468750
81	79	-48666.308594
81	72	-134808.593750
81	80	231242.375000
81	64	-77560.062500
81	70	134808.593750
81	53	-161440.406250
81	66	-24930.019531
81	81	856878.125000
81	82	-15072.873047
81	83	123130.515625
81	84	-110605.171875
81	88	-15072.873047
81	89	-16779.781250
81	90	-2054.076660
81	91	21563.519531
81	92	-176152.687500
81	93	-21563.519531
82	71	123130.515625
82	70	-110605.171875
82	68	176152.687500
82	69	-21563.519531
82	79	-2054.076660
82	72	-15072.873047
82	80	16779.781250
82	67	-21563.519531
82	81	-15072.873047
82	82	262827.718750
82	83	-401631.437500
82	84	49337.027344
82	94	-20515.636719
82	95	170482.062500
82	96	-20515.636719
82	97	-106863.812500
82	98	-95097.507812
82	99	11443.937500
82	103	-1225.519653
82	104	10183.896484
82	105	11443.937500
83	68	-1438993.750000
83	67	176152.687500
83	79	16779.781250
83	69	176152.687500
83	80	-137074.281250
83	70	123130.515625
83	81	123130.515625
83	72	16779.781250
83	82	-401631.437500
83	71	-137074.281250
83	83	3299077.750000
83	84	-401631.437500
83	94	170482.062500
83	95	-1416681.875000
83	96	170482.062500
83	97	-95097.507812
83	98	-84626.742188
83	99	10183.896484
83	103	10183.896484
83	104	-84626.742188
83	105	-95097.507812
84	68	176152.687500
84	69	-21563.519531
84	72	-2054.076660
84	79	-15072.873047
84	80	123130.515625
84	70	-15072.873047
84	67	-21563.519531
84	81	-110605.171875
84	82	49337.027344
84	71	16779.781250
84	83	-401631.437500
84	84	262827.718750
84	94	-20515.636719
84	95	170482.062500
84	96	-20515.636719
84	97	11443.937500
84	98	10183.896484
84	99	-1225.519653
84	103	11443.937500
84	104	-95097.507812
84	105	-106863.812500
85	67	-110605.171875
85	68	-123130.515625
85	69	15072.873047
85	76	-2054.076660
85	77	-16779.781250
85	78	15072.873047
85	70	-21563.519531
85	72	21563.519531
85	71	-176152.687500
85	85	262827.718750
85	86	401631.437500
85	87	-49337.027344
85	94	-106863.812500
85	95	95097.507812
85	96	-11443.937500
85	97	-20515.636719
85	98	-170482.062500
85	99	20515.636719
85	100	-1225.519653
85	101	-10183.896484
85	102	-11443.937500
86	76	-16779.781250
86	71	-1438993.750000
86	70	-176152.687500
86	67	-123130.515625
86	78	123130.515625
86	77	-137074.281250
86	69	16779.781250
86	68	-137074.281250
86	72	176152.687500
86	85	401631.437500
86	86	3299077.750000
86	87	-401631.437500
86	94	95097.507812
86	95	-84626.742188
86	96	10183.896484
86	97	-170482.062500
86	98	-1416681.875000
86	99	170482.062500
86	100	-10183.896484
86	101	-84626.742188
86	102	-95097.507812
87	77	123130.515625
87	70	21563.519531
87	67	15072.873047
87	78	-110605.171875
87	68	16779.781250
87	76	15072.873047
87	72	-21563.519531
87	71	176152.687500
87	85	-49337.027344
87	86	-401631.437500
87	69	-2054.076660
87	87	262827.718750
87	94	-11443.937500
87	95	10183.896484
87	96	-1225.519653
87	97	20515.636719
87	98	170482.062500
87	99	-20515.636719
87	100	-11443.937500
87	101	-95097.507812
87	102	-106863.812500
88	78	-21563.519531
88	70	-2054.076660
88	72	-15072.873047
88	79	-110605.171875
88	71	-16779.781250
88	80	-123130.515625
88	76	-21563.519531
88	81	-15072.873047
88	77	-176152.687500
88	88	262827.718750
88	89	401631.437500
88	90	49337.027344
88	97	-1225.519653
88	98	-10183.896484
88	99	11443.937500
88	100	-20515.636719
88	101	-170482.062500
88	102	-20515.636719
88	103	-106863.812500
88	104	95097.507812
88	105	11443.937500
89	70	-16779.781250
89	79	-123130.515625
89	72	-123130.515625
89	80	-137074.281250
89	71	-137074.281250
89	81	-16779.781250
89	76	-176152.687500
89	77	-1438993.750000
89	88	401631.437500
89	78	-176152.687500
89	89	3299077.750000
89	90	401631.437500
89	97	-10183.896484
89	98	-84626.742188
89	99	95097.507812
89	100	-170482.062500
89	101	-1416681.875000
89	102	-170482.062500
89	103	95097.507812
89	104	-84626.742188
89	105	-10183.896484
90	80	-16779.781250
90	70	-15072.873047
90	81	-2054.076660
90	71	-123130.515625
90	76	-21563.519531
90	77	-176152.687500
90	88	49337.027344
90	78	-21563.519531
90	89	401631.437500
90	72	-110605.171875
90	79	-15072.873047
90	90	262827.718750
90	97	11443.937500
90	98	95097.507812
90	99	-106863.812500
90	100	-20515.636719
90	101	-170482.062500
90	102	-20515.636719
90	103	11443.937500
90	104	-10183.896484
90	105	-1225.519653
91	68	16779.781250
91	80	176152.687500
91	79	-21563.519531
91	78	15072.873047
91	81	21563.519531
91	77	123130.515625
91	76	-110605.171875
91	67	-2054.076660
91	69	15072.873047
91	91	262827.718750
91	92	-401631.437500
91	93	-49337.027344
91	94	-1225.519653
91	95	10183.896484
91	96	-11443.937500
91	100	-106863.812500
91	101	-95097.507812
91	102	-11443.937500
91	103	-20515.636719
91	104	170482.062500
91	105	20515.636719
92	81	-176152.687500
92	76	123130.515625
92	80	-1438993.750000
92	68	-137074.281250
92	78	-16779.781250
92	79	176152.687500
92	77	-137074.281250
92	69	-123130.515625
92	91	-401631.437500
92	67	16779.781250
92	92	3299077.750000
92	93	401631.437500
92	94	10183.896484
92	95	-84626.742188
92	96	95097.507812
92	100	-95097.507812
92	101	-84626.742188
92	102	-10183.896484
92	103	170482.062500
92	104	-1416681.875000
92	105	-170482.062500
93	68	-123130.515625
93	77	-16779.781250
93	78	-2054.076660
93	80	-176152.687500
93	67	15072.873047
93	79	21563.519531
93	76	15072.873047
93	91	-49337.027344
93	92	401631.437500
93	81	-21563.519531
93	69	-110605.171875
93	93	262827.718750
93	94	-11443.937500
93	95	95097.507812
93	96	-106863.812500
93	100	-11443.937500
93	101	-10183.896484
93	102	-1225.519653
93	103	20515.636719
93	104	-170482.062500
93	105	-20515.636719
94	87	-11443.937500
94	85	-106863.812500
94	82	-20515.636719
94	91	-1225.519653
94	83	170482.062500
94	84	-20515.636719
94	92	10183.896484
94	93	-11443.937500
94	86	95097.507812
94	94	264605.093750
94	95	-380157.093750
94	96	45371.472656
94	106	-22147.791016
94	107	178412.765625
94	108	-22147.791016
94	109	-112951.007812
94	110	-81279.882812
94	111	10089.916016
94	115	-901.332458
94	116	7260.733887
94	117	10089.916016
95	85	95097.507812
95	84	170482.062500
95	83	-1416681.875000
95	87	10183.896484
95	86	-84626.742188
95	82	170482.062500
95	91	10183.896484
95	92	-84626.742188
95	93	95097.507812
95	94	-380157.093750
95	95	3140127.750000
95	96	-380157.093750
95	106	178412.765625
95	107	-1437214.000000
95	108	178412.765625
95	109	-81279.882812
95	110	-58489.242188
95	111	7260.733887
95	115	7260.733887
95	116	-58489.242188
95	117	-81279.882812
96	82	-20515.636719
96	86	10183.896484
96	91	-11443.937500
96	84	-20515.636719
96	87	-1225.519653
96	85	-11443.937500
96	83	170482.062500
96	92	95097.507812
96	93	-106863.812500
96	94	45371.472656
96	95	-380157.093750
96	96	264605.093750
96	106	-22147.791016
96	107	178412.765625
96	108	-22147.791016
96	109	10089.916016
96	110	7260.733887
96	111	-901.332458
96	115	10089.916016
96	116	-81279.882812
96	117	-112951.007812
97	88	-1225.519653
97	82	-106863.812500
97	87	20515.636719
97	83	-95097.507812
97	89	-10183.896484
97	84	11443.937500
97	90	11443.937500
97	85	-20515.636719
97	86	-170482.062500
97	97	264605.093750
97	98	380157.093750
97	99	-45371.472656
97	106	-112951.007812
97	107	81279.882812
97	108	-10089.916016
97	109	-22147.791016
97	110	-178412.765625
97	111	22147.791016
97	112	-901.332458
97	113	-7260.733887
97	114	-10089.916016
98	90	95097.507812
98	83	-84626.742188
98	89	-84626.742188
98	84	10183.896484
98	85	-170482.062500
98	86	-1416681.875000
98	97	380157.093750
98	87	170482.062500
98	82	-95097.507812
98	88	-10183.896484
98	98	3140127.750000
98	99	-380157.093750
98	106	81279.882812
98	107	-58489.242188
98	108	7260.733887
98	109	-178412.765625
98	110	-1437214.000000
98	111	178412.765625
98	112	-7260.733887
98	113	-58489.242188
98	114	-81279.882812
99	82	11443.937500
99	89	95097.507812
99	84	-1225.519653
99	90	-106863.812500
99	86	170482.062500
99	85	20515.636719
99	83	10183.896484
99	97	-45371.472656
99	88	11443.937500
99	87	-20515.636719
99	98	-380157.093750
99	99	264605.093750
99	106	-10089.916016
99	107	7260.733887
99	108	-901.332458
99	109	22147.791016
99	110	178412.765625
99	111	-22147.791016
99	112	-10089.916016
99	113	-81279.882812
99	114	-112951.007812
100	90	-20515.636719
100	86	-10183.896484
100	85	-1225.519653
100	91	-106863.812500
100	92	-95097.507812
100	87	-11443.937500
100	88	-20515.636719
100	93	-11443.937500
100	89	-170482.062500
100	100	264605.093750
100	101	380157.093750
100	102	45371.472656
100	109	-901.332458
100	110	-7260.733887
100	111	10089.916016
100	112	-22147.791016
100	113	-178412.765625
100	114	-22147.791016
100	115	-112951.007812
100	116	81279.882812
100	117	10089.916016
101	91	-95097.507812
101	86	-84626.742188
101	92	-84626.742188
101	85	-10183.896484
101	93	-10183.896484
101	88	-170482.062500
101	89	-1416681.875000
101	100	380157.093750
101	90	-170482.062500
101	87	-95097.507812
101	101	3140127.750000
101	102	380157.093750
101	109	-7260.733887
101	110	-58489.242188
101	111	81279.882812
101	112	-178412.765625
101	113	-1437214.000000
101	114	-178412.765625
101	115	81279.882812
101	116	-58489.242188
101	117	-7260.733887
102	85	-11443.937500
102	87	-106863.812500
102	92	-10183.896484
102	86	-95097.507812
102	93	-1225.519653
102	88	-20515.636719
102	89	-170482.062500
102	100	45371.472656
102	90	-20515.636719
102	101	380157.093750
102	91	-11443.937500
102	102	264605.093750
102	109	10089.916016
102	110	81279.882812
102	111	-112951.007812
102	112	-22147.791016
102	113	-178412.765625
102	114	-22147.791016
102	115	10089.916016
102	116	-7260.733887
102	117	-901.332458
103	91	-20515.636719
103	92	170482.062500
103	83	10183.896484
103	93	20515.636719
103	88	-106863.812500
103	82	-1225.519653
103	84	11443.937500
103	90	11443.937500
103	89	95097.507812
103	103	264605.093750
103	104	-380157.093750
103	105	-45371.472656
103	106	-901.332458
103	107	7260.733887
103	108	-10089.916016
103	112	-112951.007812
103	113	-81279.882812
103	114	-10089.916016
103	115	-22147.791016
103	116	178412.765625
103	117	22147.791016
104	84	-95097.507812
104	93	-170482.062500
104	83	-84626.742188
104	82	10183.896484
104	89	-84626.742188
104	88	95097.507812
104	91	170482.062500
104	103	-380157.093750
104	90	-10183.896484
104	92	-1416681.875000
104	104	3140127.750000
104	105	380157.093750
104	106	7260.733887
104	107	-58489.242188
104	108	81279.882812
104	112	-81279.882812
104	113	-58489.242188
104	114	-7260.733887
104	115	178412.765625
104	116	-1437214.000000
104	117	-178412.765625
105	88	11443.937500
105	92	-170482.062500
105	83	-95097.507812
105	90	-1225.519653
105	89	-10183.896484
105	93	-20515.636719
105	103	-45371.472656
105	84	-106863.812500
105	91	20515.636719
105	82	11443.937500
105	104	380157.093750
105	105	264605.093750
105	106	-10089.916016
105	107	81279.882812
105	108	-112951.007812
105	112	-10089.916016
105	113	-7260.733887
105	114	-901.332458
105	115	22147.791016
105	116	-178412.765625
105	117	-22147.791016
106	94	-22147.791016
106	98	81279.882812
106	99	-10089.916016
106	103	-901.332458
106	95	178412.765625
106	104	7260.733887
106	96	-22147.791016
106	105	-10089.916016
106	97	-112951.007812
106	106	247903.718750
106	107	-349815.250000
106	108	43400.273438
106	118	-17592.785156
106	119	144881.765625
106	120	-17592.785156
106	121	-93581.718750
106	122	-68024.093750
106	123	8260.068359
106	127	-729.081848
106	128	6004.203613
106	129	8260.068359
107	97	81279.882812
107	95	-1437214.000000
107	98	-58489.242188
107	103	7260.733887
107	99	7260.733887
107	104	-58489.242188
107	94	178412.765625
107	96	178412.765625
107	105	81279.882812
107	106	-349815.250000
107	107	2846229.250000
107	108	-349815.250000
107	118	144881.765625
107	119	-1193144.000000
107	120	144881.765625
107	121	-68024.093750
107	122	-49446.382812
107	123	6004.203613
107	127	6004.203613
107	128	-49446.382812
107	129	-68024.093750
108	94	-22147.791016
108	98	7260.733887
108	103	-10089.916016
108	95	178412.765625
108	99	-901.332458
108	96	-22147.791016
108	104	81279.882812
108	97	-10089.916016
108	105	-112951.007812
108	106	43400.273438
108	107	-349815.250000
108	108	247903.718750
108	118	-17592.785156
108	119	144881.765625
108	120	-17592.785156
108	121	8260.068359
108	122	6004.203613
108	123	-729.081848
108	127	8260.068359
108	128	-68024.093750
108	129	-93581.718750
109	94	-112951.007812
109	99	22147.791016
109	102	10089.916016
109	95	-81279.882812
109	101	-7260.733887
109	96	10089.916016
109	97	-22147.791016
109	98	-178412.765625
109	100	-901.332458
109	109	247903.718750
109	110	349815.250000
109	111	-43400.273438
109	118	-93581.718750
109	119	68024.093750
109	120	-8260.068359
109	121	-17592.785156
109	122	-144881.765625
109	123	17592.785156
109	124	-729.081848
109	125	-6004.203613
109	126	-8260.068359
110	102	81279.882812
110	95	-58489.242188
110	101	-58489.242188
110	96	7260.733887
110	100	-7260.733887
110	97	-178412.765625
110	98	-1437214.000000
110	109	349815.250000
110	99	178412.765625
110	94	-81279.882812
110	110	2846229.250000
110	111	-349815.250000
110	118	68024.093750
110	119	-49446.382812
110	120	6004.203613
110	121	-144881.765625
110	122	-1193144.000000
110	123	144881.765625
110	124	-6004.203613
110	125	-49446.382812
110	126	-68024.093750
111	94	10089.916016
111	101	81279.882812
111	96	-901.332458
111	102	-112951.007812
111	97	22147.791016
111	98	178412.765625
111	100	10089.916016
111	95	7260.733887
111	109	-43400.273438
111	99	-22147.791016
111	110	-349815.250000
111	111	247903.718750
111	118	-8260.068359
111	119	6004.203613
111	120	-729.081848
111	121	17592.785156
111	122	144881.765625
111	123	-17592.785156
111	124	-8260.068359
111	125	-68024.093750
111	126	-93581.718750
112	102	-22147.791016
112	97	-901.332458
112	98	-7260.733887
112	103	-112951.007812
112	99	-10089.916016
112	104	-81279.882812
112	100	-22147.791016
112	105	-10089.916016
112	101	-178412.765625
112	112	247903.718750
112	113	349815.250000
112	114	43400.273438
112	121	-729.081848
112	122	-6004.203613
112	123	8260.068359
112	124	-17592.785156
112	125	-144881.765625
112	126	-17592.785156
112	127	-93581.718750
112	128	68024.093750
112	129	8260.068359
113	103	-81279.882812
113	104	-58489.242188
113	99	-81279.882812
113	105	-7260.733887
113	100	-178412.765625
113	101	-1437214.000000
113	112	349815.250000
113	97	-7260.733887
113	102	-178412.765625
113	98	-58489.242188
113	113	2846229.250000
113	114	349815.250000
113	121	-6004.203613
113	122	-49446.382812
113	123	68024.093750
113	124	-144881.765625
113	125	-1193144.000000
113	126	-144881.765625
113	127	68024.093750
113	128	-49446.382812
113	129	-6004.203613
114	97	-10089.916016
114	98	-81279.882812
114	104	-7260.733887
114	99	-112951.007812
114	105	-901.332458
114	100	-22147.791016
114	101	-178412.765625
114	112	43400.273438
114	102	-22147.791016
114	113	349815.250000
114	103	-10089.916016
114	114	247903.718750
114	121	8260.068359
114	122	68024.093750
114	123	-93581.718750
114	124	-17592.785156
114	125	-144881.765625
114	126	-17592.785156
114	127	8260.068359
114	128	-6004.203613
114	129	-729.081848
115	103	-22147.791016
115	95	7260.733887
115	104	178412.765625
115	105	22147.791016
115	100	-112951.007812
115	94	-901.332458
115	96	10089.916016
115	102	10089.916016
115	101	81279.882812
115	115	247903.718750
115	116	-349815.250000
115	117	-43400.273438
115	118	-729.081848
115	119	6004.203613
115	120	-8260.068359
115	124	-93581.718750
115	125	-68024.093750
115	126	-8260.068359
115	127	-17592.785156
115	128	144881.765625
115	129	17592.785156
116	105	-178412.765625
116	96	-81279.882812
116	95	-58489.242188
116	94	7260.733887
116	101	-58489.242188
116	100	81279.882812
116	115	-349815.250000
116	103	178412.765625
116	102	-7260.733887
116	104	-1437214.000000
116	116	2846229.250000
116	117	349815.250000
116	118	6004.203613
116	119	-49446.382812
116	120	68024.093750
116	124	-68024.093750
116	125	-49446.382812
116	126	-6004.203613
116	127	144881.765625
116	128	-1193144.000000
116	129	-144881.765625
117	100	10089.916016
117	96	-112951.007812
117	101	-7260.733887
117	94	10089.916016
117	103	22147.791016
117	105	-22147.791016
117	104	-178412.765625
117	115	-43400.273438
117	102	-901.332458
117	116	349815.250000
117	95	-81279.882812
117	117	247903.718750
117	118	-8260.068359
117	119	68024.093750
117	120	-93581.718750
117	124	-8260.068359
117	125	-6004.203613
117	126	-729.081848
117	127	17592.785156
117	128	-144881.765625
117	129	-17592.785156
118	106	-17592.785156
118	110	68024.093750
118	108	-17592.785156
118	111	-8260.068359
118	115	-729.081848
118	107	144881.765625
118	116	6004.203613
118	117	-8260.068359
118	109	-93581.718750
118	118	234465.656250
118	119	-302695.593750
118	120	35771.937500
118	130	-17648.701172
118	131	144029.625000
118	132	-17648.701172
118	133	-104300.554688
118	134	-65245.277344
118	135	7994.844238
118	139	-612.820618
118	140	5001.180176
118	141	7994.844238
119	109	68024.093750
119	107	-1193144.000000
119	110	-49446.382812
119	115	6004.203613
119	111	6004.203613
119	116	-49446.382812
119	108	144881.765625
119	117	68024.093750
119	118	-302695.593750
119	106	144881.765625
119	119	2549079.500000
119	120	-302695.593750
119	130	144029.625000
119	131	-1175414.250000
119	132	144029.625000
119	133	-65245.277344
119	134	-40814.226562
119	135	5001.180176
119	139	5001.180176
119	140	-40814.226562
119	141	-65245.277344
120	106	-17592.785156
120	110	6004.203613
120	115	-8260.068359
120	108	-17592.785156
120	111	-729.081848
120	107	144881.765625
120	116	68024.093750
120	109	-8260.068359
120	117	-93581.718750
120	118	35771.937500
120	119	-302695.593750
120	120	234465.656250
120	130	-17648.701172
120	131	144029.625000
120	132	-17648.701172
120	133	7994.844238
120	134	5001.180176
120	135	-612.820618
120	139	7994.844238
120	140	-65245.277344
120	141	-104300.554688
121	106	-93581.718750
121	111	17592.785156
121	114	8260.068359
121	107	-68024.093750
121	113	-6004.203613
121	108	8260.068359
121	109	-17592.785156
121	110	-144881.765625
121	112	-729.081848
121	121	234465.656250
121	122	302695.593750
121	123	-35771.937500
121	130	-104300.554688
121	131	65245.277344
121	132	-7994.844238
121	133	-17648.701172
121	134	-144029.625000
121	135	17648.701172
121	136	-612.820618
121	137	-5001.180176
121	138	-7994.844238
122	107	-49446.382812
122	114	68024.093750
122	113	-49446.382812
122	108	6004.203613
122	109	-144881.765625
122	110	-1193144.000000
122	121	302695.593750
122	112	-6004.203613
122	111	144881.765625
122	106	-68024.093750
122	122	2549079.500000
122	123	-302695.593750
122	130	65245.277344
122	131	-40814.226562
122	132	5001.180176
122	133	-144029.625000
122	134	-1175414.250000
122	135	144029.625000
122	136	-5001.180176
122	137	-40814.226562
122	138	-65245.277344
123	106	8260.068359
123	113	68024.093750
123	108	-729.081848
123	107	6004.203613
123	114	-93581.718750
123	109	17592.785156
123	110	144881.765625
123	121	-35771.937500
123	112	8260.068359
123	111	-17592.785156
123	122	-302695.593750
123	123	234465.656250
123	130	-7994.844238
123	131	5001.180176
123	132	-612.820618
123	133	17648.701172
123	134	144029.625000
123	135	-17648.701172
123	136	-7994.844238
123	137	-65245.277344
123	138	-104300.554688
124	114	-17592.785156
124	110	-6004.203613
124	109	-729.081848
124	115	-93581.718750
124	116	-68024.093750
124	112	-17592.785156
124	117	-8260.068359
124	111	-8260.068359
124	113	-144881.765625
124	124	234465.656250
124	125	302695.593750
124	126	35771.937500
124	133	-612.820618
124	134	-5001.180176
124	135	7994.844238
124	136	-17648.701172
124	137	-144029.625000
124	138	-17648.701172
124	139	-104300.554688
124	140	65245.277344
124	141	7994.844238
125	115	-68024.093750
125	109	-6004.203613
125	116	-49446.382812
125	110	-49446.382812
125	117	-6004.203613
125	112	-144881.765625
125	113	-1193144.000000
125	124	302695.593750
125	114	-144881.765625
125	111	-68024.093750
125	125	2549079.500000
125	126	302695.593750
125	133	-5001.180176
125	134	-40814.226562
125	135	65245.277344
125	136	-144029.625000
125	137	-1175414.250000
125	138	-144029.625000
125	139	65245.277344
125	140	-40814.226562
125	141	-5001.180176
126	109	-8260.068359
126	116	-6004.203613
126	111	-93581.718750
126	117	-729.081848
126	112	-17592.785156
126	113	-144881.765625
126	124	35771.937500
126	110	-68024.093750
126	114	-17592.785156
126	125	302695.593750
126	115	-8260.068359
126	126	234465.656250
126	133	7994.844238
126	134	65245.277344
126	135	-104300.554688
126	136	-17648.701172
126	137	-144029.625000
126	138	-17648.701172
126	139	7994.844238
126	140	-5001.180176
126	141	-612.820618
127	116	144881.765625
127	107	6004.203613
127	115	-17592.785156
127	108	8260.068359
127	117	17592.785156
127	106	-729.081848
127	112	-93581.718750
127	114	8260.068359
127	113	68024.093750
127	127	234700.890625
127	128	-304620.687500
127	129	-39377.886719
127	136	-104300.554688
127	137	-65245.277344
127	138	-7994.844238
127	139	-17648.701172
127	140	144029.625000
127	141	17648.701172
127	142	-848.046387
127	143	6926.275391
127	144	-4388.893555
128	117	-144881.765625
128	112	68024.093750
128	107	-49446.382812
128	106	6004.203613
128	108	-68024.093750
128	116	-1193144.000000
128	113	-49446.382812
128	127	-304620.687500
128	114	-6004.203613
128	115	144881.765625
128	128	2564834.250000
128	129	332095.343750
128	136	-65245.277344
128	137	-40814.226562
128	138	-5001.180176
128	139	144029.625000
128	140	-1175414.250000
128	141	-144029.625000
128	142	6926.275391
128	143	-56569.183594
128	144	35845.542969
129	112	8260.068359
129	108	-93581.718750
129	114	-729.081848
129	106	8260.068359
129	116	-144881.765625
129	115	17592.785156
129	117	-17592.785156
129	113	-6004.203613
129	127	-39377.886719
129	107	-68024.093750
129	128	332095.343750
129	129	152878.937500
129	136	-7994.844238
129	137	-5001.180176
129	138	-612.820618
129	139	17648.701172
129	140	-144029.625000
129	141	-17648.701172
129	142	-4388.893555
129	143	35845.542969
129	144	-22713.835938
130	123	-7994.844238
130	122	65245.277344
130	118	-17648.701172
130	119	144029.625000
130	120	-17648.701172
130	121	-104300.554688
130	130	352133.406250
130	131	-256548.500000
130	132	53153.976562
130	133	-160188.218750
130	136	-26219.947266
130	138	-26219.947266
130	142	-9329.710938
130	143	76230.562500
130	144	-9329.710938
130	145	-33970.640625
130	146	-32843.187500
130	147	4019.613770
130	151	-475.625305
130	152	3886.206787
130	153	4019.613770
131	121	65245.277344
131	119	-1175414.250000
131	122	-40814.226562
131	123	5001.180176
131	120	144029.625000
131	130	-256548.500000
131	118	144029.625000
131	131	1902594.250000
131	132	-196304.390625
131	142	76230.562500
131	143	-622859.500000
131	144	76230.562500
131	145	-32843.187500
131	146	-31753.152344
131	147	3886.206787
131	151	3886.206787
131	152	-31753.152344
131	153	-32843.187500
132	118	-17648.701172
132	122	5001.180176
132	119	144029.625000
132	123	-612.820618
132	120	-17648.701172
132	130	53153.976562
132	121	-7994.844238
132	131	-196304.390625
132	132	248445.656250
132	136	-26219.947266
132	138	-26219.947266
132	141	-160188.218750
132	142	-9329.710938
132	143	76230.562500
132	144	-9329.710938
132	145	4019.613770
132	146	3886.206787
132	147	-475.625305
132	151	4019.613770
132	152	-32843.187500
132	153	-33970.640625
133	118	-104300.554688
133	123	17648.701172
133	119	-65245.277344
133	125	-5001.180176
133	130	-160188.218750
133	120	7994.844238
133	126	7994.844238
133	121	-17648.701172
133	124	-612.820618
133	122	-144029.625000
133	133	352746.218750
133	134	261549.671875
133	135	-61148.820312
133	139	-26219.947266
133	141	26219.947266
133	142	-33970.640625
133	143	32843.187500
133	144	-4019.613770
133	145	-9329.710938
133	146	-76230.562500
133	147	9329.710938
133	148	-475.625305
133	149	-3886.206787
133	150	-4019.613770
134	119	-40814.226562
134	125	-40814.226562
134	120	5001.180176
134	126	65245.277344
134	121	-144029.625000
134	124	-5001.180176
134	122	-1175414.250000
134	133	261549.671875
134	123	144029.625000
134	118	-65245.277344
134	134	1943408.500000
134	135	-261549.671875
134	142	32843.187500
134	143	-31753.152344
134	144	3886.206787
134	145	-76230.562500
134	146	-622859.500000
134	147	76230.562500
134	148	-3886.206787
134	149	-31753.152344
134	150	-32843.187500
135	119	5001.180176
135	122	144029.625000
135	125	65245.277344
135	118	7994.844238
135	120	-612.820618
135	126	-104300.554688
135	121	17648.701172
135	124	7994.844238
135	133	-61148.820312
135	123	-17648.701172
135	134	-261549.671875
135	135	352746.218750
135	138	-160188.218750
135	139	26219.947266
135	141	-26219.947266
135	142	-4019.613770
135	143	3886.206787
135	144	-475.625305
135	145	9329.710938
135	146	76230.562500
135	147	-9329.710938
135	148	-4019.613770
135	149	-32843.187500
135	150	-33970.640625
136	122	-5001.180176
136	126	-17648.701172
136	132	-26219.947266
136	127	-104300.554688
136	121	-612.820618
136	129	-7994.844238
136	128	-65245.277344
136	130	-26219.947266
136	124	-17648.701172
136	123	-7994.844238
136	125	-144029.625000
136	136	352746.218750
136	137	261549.671875
136	138	61148.820312
136	139	-160188.218750
136	145	-475.625305
136	146	-3886.206787
136	147	4019.613770
136	148	-9329.710938
136	149	-76230.562500
136	150	-9329.710938
136	151	-33970.640625
136	152	32843.187500
136	153	4019.613770
137	123	-65245.277344
137	127	-65245.277344
137	128	-40814.226562
137	121	-5001.180176
137	129	-5001.180176
137	122	-40814.226562
137	124	-144029.625000
137	125	-1175414.250000
137	136	261549.671875
137	126	-144029.625000
137	137	1943408.500000
137	138	261549.671875
137	145	-3886.206787
137	146	-31753.152344
137	147	32843.187500
137	148	-76230.562500
137	149	-622859.500000
137	150	-76230.562500
137	151	32843.187500
137	152	-31753.152344
137	153	-3886.206787
138	126	-17648.701172
138	128	-5001.180176
138	121	-7994.844238
138	129	-612.820618
138	124	-17648.701172
138	135	-160188.218750
138	130	-26219.947266
138	122	-65245.277344
138	123	-104300.554688
138	132	-26219.947266
138	136	61148.820312
138	137	261549.671875
138	125	-144029.625000
138	127	-7994.844238
138	138	352746.218750
138	145	4019.613770
138	146	32843.187500
138	147	-33970.640625
138	148	-9329.710938
138	149	-76230.562500
138	150	-9329.710938
138	151	4019.613770
138	152	-3886.206787
138	153	-475.625305
139	127	-17648.701172
139	119	5001.180176
139	125	65245.277344
139	120	7994.844238
139	129	17648.701172
139	118	-612.820618
139	126	7994.844238
139	135	26219.947266
139	124	-104300.554688
139	136	-160188.218750
139	133	-26219.947266
139	128	144029.625000
139	139	352746.218750
139	140	-261549.671875
139	141	-61148.820312
139	142	-475.625305
139	143	3886.206787
139	144	-4019.613770
139	148	-33970.640625
139	149	-32843.187500
139	150	-4019.613770
139	151	-9329.710938
139	152	76230.562500
139	153	9329.710938
140	126	-5001.180176
140	127	144029.625000
140	119	-40814.226562
140	124	65245.277344
140	125	-40814.226562
140	120	-65245.277344
140	118	5001.180176
140	139	-261549.671875
140	128	-1175414.250000
140	129	-144029.625000
140	140	1943408.500000
140	141	261549.671875
140	142	3886.206787
140	143	-31753.152344
140	144	32843.187500
140	148	-32843.187500
140	149	-31753.152344
140	150	-3886.206787
140	151	76230.562500
140	152	-622859.500000
140	153	-76230.562500
141	127	17648.701172
141	118	7994.844238
141	126	-612.820618
141	119	-65245.277344
141	132	-160188.218750
141	125	-5001.180176
141	124	7994.844238
141	133	26219.947266
141	129	-17648.701172
141	139	-61148.820312
141	140	261549.671875
141	128	-144029.625000
141	120	-104300.554688
141	135	-26219.947266
141	141	352746.218750
141	142	-4019.613770
141	143	32843.187500
141	144	-33970.640625
141	148	-4019.613770
141	149	-3886.206787
141	150	-475.625305
141	151	9329.710938
141	152	-76230.562500
141	153	-9329.710938
142	129	-4388.893555
142	132	-9329.710938
142	133	-33970.640625
142	128	6926.275391
142	139	-475.625305
142	134	32843.187500
142	140	3886.206787
142	131	76230.562500
142	130	-9329.710938
142	135	-4019.613770
142	141	-4019.613770
142	127	-848.046387
142	142	242073.109375
142	143	-177397.562500
142	144	25079.740234
142	145	-155446.234375
143	127	6926.275391
143	132	76230.562500
143	133	32843.187500
143	129	35845.542969
143	139	3886.206787
143	134	-31753.152344
143	128	-56569.183594
143	140	-31753.152344
143	135	3886.206787
143	130	76230.562500
143	141	32843.187500
143	131	-622859.500000
143	142	-177397.562500
143	143	1462557.125000
143	144	-206316.828125
144	127	-4388.893555
144	133	-4019.613770
144	130	-9329.710938
144	139	-4019.613770
144	134	3886.206787
144	140	32843.187500
144	135	-475.625305
144	132	-9329.710938
144	129	-22713.835938
144	141	-33970.640625
144	131	76230.562500
144	142	25079.740234
144	128	35845.542969
144	143	-206316.828125
144	144	263938.906250
144	153	-155446.234375
145	131	-32843.187500
145	130	-33970.640625
145	133	-9329.710938
145	137	-3886.206787
145	134	-76230.562500
145	138	4019.613770
145	135	9329.710938
145	136	-475.625305
145	142	-155446.234375
145	132	4019.613770
145	145	241225.062500
145	146	170471.281250
145	147	-20690.845703
146	131	-31753.152344
146	132	3886.206787
146	134	-622859.500000
146	130	-32843.187500
146	138	32843.187500
146	135	76230.562500
146	136	-3886.206787
146	133	-76230.562500
146	145	170471.281250
146	137	-31753.152344
146	146	1405987.875000
146	147	-170471.281250
147	133	9329.710938
147	134	76230.562500
147	136	4019.613770
147	131	3886.206787
147	137	32843.187500
147	138	-33970.640625
147	130	4019.613770
147	135	-9329.710938
147	132	-475.625305
147	145	-20690.845703
147	146	-170471.281250
147	147	241225.062500
147	150	-155446.234375
148	140	-32843.187500
148	134	-3886.206787
148	135	-4019.613770
148	141	-4019.613770
148	139	-33970.640625
148	138	-9329.710938
148	136	-9329.710938
148	137	-76230.562500
148	133	-475.625305
148	148	241225.062500
148	149	170471.281250
148	150	20690.845703
148	151	-155446.234375
149	140	-31753.152344
149	141	-3886.206787
149	133	-3886.206787
149	138	-76230.562500
149	139	-32843.187500
149	135	-32843.187500
149	136	-76230.562500
149	148	170471.281250
149	137	-622859.500000
149	134	-31753.152344
149	149	1405987.875000
149	150	170471.281250
150	140	-3886.206787
150	134	-32843.187500
150	136	-9329.710938
150	138	-9329.710938
150	133	-4019.613770
150	139	-4019.613770
150	135	-33970.640625
150	137	-76230.562500
150	147	-155446.234375
150	148	20690.845703
150	149	170471.281250
150	141	-475.625305
150	150	241225.062500
151	137	32843.187500
151	138	4019.613770
151	136	-33970.640625
151	140	76230.562500
151	139	-9329.710938
151	131	3886.206787
151	148	-155446.234375
151	132	4019.613770
151	130	-475.625305
151	141	9329.710938
151	151	241225.062500
151	152	-170471.281250
151	153	-20690.845703
152	131	-31753.152344
152	139	76230.562500
152	140	-622859.500000
152	141	-76230.562500
152	136	32843.187500
152	132	-32843.187500
152	137	-31753.152344
152	130	3886.206787
152	151	-170471.281250
152	138	-3886.206787
152	152	1405987.875000
152	153	170471.281250
153	137	-3886.206787
153	130	4019.613770
153	132	-33970.640625
153	141	-9329.710938
153	139	9329.710938
153	144	-155446.234375
153	136	4019.613770
153	151	-20690.845703
153	140	-76230.562500
153	131	-32843.187500
153	152	170471.281250
153	138	-475.625305
153	153	241225.062500
